4531.823875 81644
4531.829404 81645
4531.831992 81646
4531.834330 81647
4531.836885 81649
4531.839250 81650
4531.841707 81651
4531.844299 81653
4531.846887 81655
4531.848069 81657
4531.860990 81656
4531.861961 81655
4531.865593 81655
4531.868219 81655
4531.871932 81655
4531.873096 81655
4531.876875 81655
4531.879441 81656
4531.881896 81656
4531.884353 81656
4531.886972 81656
4531.889493 81656
4531.891743 81656
4531.894382 81657
4531.896616 81658
4531.899118 81659
4531.901621 81660
4531.904094 81661
4531.905320 81662
4531.906585 81663
4531.911630 81663
4531.914090 81664
4531.916727 81664
4531.919135 81664
4531.921601 81664
4531.924116 81664
4531.926541 81664
4531.929148 81665
4531.932788 81666
4531.933896 81667
4531.936569 81668
4531.939044 81669
4531.942675 81670
4531.943782 81671
4531.947570 81673
4531.948928 81674
4531.951261 81675
4531.955171 81676
4531.957682 81677
4531.960078 81679
4531.962682 81681
4531.964892 81682
4531.967448 81683
4531.969913 81684
4531.972365 81685
4531.974921 81687
4531.977484 81688
4531.979871 81689
4531.982477 81690
4531.985106 81691
4531.987468 81692
4531.989927 81693
4531.992349 81694
4531.994853 81696
4531.997230 81697
4531.999856 81698
4532.002320 81699
4532.004696 81700
4532.007238 81702
4532.009704 81704
4532.012163 81705
4532.014756 81706
4532.017217 81707
4532.019830 81708
4532.022189 81709
4532.024818 81711
4532.027259 81713
4532.029827 81714
4532.032070 81715
4532.034332 81716
4532.037129 81717
4532.039433 81718
4532.041926 81720
4532.044315 81721
4532.046983 81722
4532.049493 81723
4532.053308 81724
4532.055747 81725
4532.058161 81727
4532.060819 81729
4532.063294 81730
4532.065548 81731
4532.067930 81732
4532.070579 81733
4532.073054 81734
4532.075437 81736
4532.080519 81737
4532.085340 81738
4532.090421 81740
4532.095550 81742
4532.100156 81744
4532.105153 81746
4532.110376 81748
4532.115307 81750
4532.120366 81753
4532.125219 81755
4532.130312 81757
4532.135104 81759
4532.139899 81762
4532.145111 81764
4532.149992 81766
4532.155151 81769
4532.159999 81771
4532.164919 81773
4532.169960 81776
4532.174913 81778
4532.179990 81780
4532.184976 81782
4532.189897 81785
4532.194800 81787
4532.200036 81789
4532.204512 81792
4532.209757 81794
4532.214717 81796
4532.219791 81799
4532.224861 81802
4532.229777 81804
4532.234688 81807
4532.239400 81810
4532.244562 81812
4532.249507 81815
4532.254352 81818
4532.259318 81820
4532.264359 81823
4532.269254 81826
4532.273911 81828
4532.281835 81831
4532.282845 81834
4532.284144 81836
4532.286755 81838
4532.289237 81840
4532.294180 81841
4532.295448 81842
4532.297773 81843
4532.300283 81845
4532.302430 81847
4532.305048 81849
4532.307568 81850
4532.310088 81851
4532.312551 81852
4532.315101 81853
4532.317585 81855
4532.320113 81857
4532.322602 81858
4532.325048 81859
4532.327468 81860
4532.331381 81862
4532.333805 81864
4532.336015 81865
4532.338553 81866
4532.341184 81867
4532.346022 81868
4532.347475 81869
4532.349772 81871
4532.352188 81873
4532.356040 81874
4532.357214 81875
4532.359745 81876
4532.362342 81878
4532.364736 81879
4532.367356 81881
4532.369563 81882
4532.372149 81883
4532.375850 81884
4532.376949 81885
4532.383458 81887
4532.388273 81889
4532.393504 81891
4532.398261 81893
4532.403144 81895
4532.408020 81897
4532.413146 81899
4532.418034 81901
4532.423166 81903
4532.428080 81905
4532.433111 81907
4532.437829 81909
4532.442873 81912
4532.447848 81914
4532.452816 81916
4532.457850 81918
4532.463015 81921
4532.467899 81923
4532.473207 81926
4532.477652 81929
4532.482777 81931
4532.487661 81933
4532.529381 81941
4532.690321 81943
4532.692591 81945
4532.695289 81946
4532.697615 81947
4532.700251 81949
4532.703748 81950
4532.704929 81952
4532.708633 81953
4532.711307 81954
4532.713833 81955
4532.716337 81957
4532.718791 81959
4532.721343 81961
4532.723765 81962
4532.726272 81963
4532.728788 81964
4532.731335 81966
4532.733702 81967
4532.736090 81969
4532.738528 81970
4532.741002 81971
4532.743494 81972
4532.745855 81973
4532.748509 81974
4532.750781 81976
4532.755702 81977
4532.758371 81978
4532.760723 81979
4532.763334 81980
4532.765939 81981
4532.768240 81983
4532.770592 81985
4532.773088 81986
4532.775497 81987
4532.778117 81988
4532.780689 81989
4532.783184 81991
4532.785697 81992
4532.788197 81993
4532.790710 81994
4532.793184 81995
4532.795611 81996
4532.798068 81997
4532.800637 81999
4532.803046 82001
4532.805268 82002
4532.807763 82003
4532.810388 82004
4532.812833 82006
4532.815353 82007
4532.817847 82009
4532.820435 82010
4532.822805 82011
4532.825254 82012
4532.827767 82013
4532.830404 82015
4532.832771 82017
4532.835329 82018
4532.837846 82019
4532.840071 82020
4532.842625 82021
4532.932277 82022
4532.934733 82024
4532.937273 82025
4532.939743 82026
4532.942159 82028
4532.944277 82030
4532.946853 82032
4532.955723 82032
4532.958175 82033
4533.170811 82034
4533.172961 82035
4533.175609 82036
4533.178008 82038
4533.180586 82040
4533.182736 82041
4533.185180 82043
4533.187892 82045
4533.190185 82047
4533.192995 82049
4533.195163 82050
4533.197799 82052
4533.200178 82054
4533.202855 82056
4533.205298 82057
4533.207862 82058
4533.210226 82059
4533.212819 82060
4533.215187 82061
4533.217492 82062
4533.220075 82063
4533.222527 82065
4533.224974 82066
4533.227553 82067
4533.230123 82068
4533.233889 82070
4533.236208 82072
4533.238881 82073
4533.241226 82074
4533.243873 82075
4533.246224 82076
4533.248846 82077
4533.250985 82078
4533.252361 82080
4533.254860 82081
4533.257394 82082
4533.259900 82083
4533.262379 82084
4533.264874 82085
4533.267260 82087
4533.269769 82089
4533.273522 82090
4533.276025 82091
4533.278509 82092
4533.281003 82093
4533.283265 82095
4533.285753 82097
4533.288277 82098
4533.290772 82099
4533.293260 82100
4533.295768 82101
4533.298273 82103
4533.300771 82105
4533.303277 82106
4533.305791 82107
4533.308277 82108
4533.310774 82109
4533.313298 82111
4533.315793 82113
4533.318060 82114
4533.320540 82115
4533.323049 82116
4533.325585 82117
4533.328054 82118
4533.330558 82119
4533.333102 82121
4533.335580 82122
4533.338089 82123
4533.340468 82124
4533.343223 82125
4533.345590 82126
4533.348087 82128
4533.350324 82129
4533.352914 82130
4533.355365 82131
4533.357925 82132
4533.360400 82133
4533.362896 82135
4533.365342 82137
4533.367904 82138
4533.370429 82139
4533.372937 82140
4533.375350 82141
4533.377980 82143
4533.380458 82145
4533.383073 82146
4533.385133 82147
4533.387697 82148
4533.472268 82148
4533.474655 82149
4533.477260 82150
4533.479631 82151
4533.482244 82152
4533.484734 82152
4533.487256 82152
4533.489376 82153
4533.491981 82154
4533.494488 82155
4533.496983 82156
4533.499364 82157
4533.501861 82158
4533.504376 82160
4533.513317 82161
4533.515711 82162
4533.518200 82163
4533.520650 82164
4533.735419 82166
4533.737933 82168
4533.740537 82169
4533.742917 82170
4533.745626 82171
4533.747895 82173
4533.750464 82175
4533.752799 82177
4533.755189 82178
4533.757823 82179
4533.760331 82180
4533.762827 82182
4533.765209 82184
4533.767708 82185
4533.770328 82186
4533.772829 82187
4533.775216 82188
4533.777741 82190
4533.780225 82191
4533.782755 82193
4533.785003 82194
4533.787510 82195
4533.789978 82196
4533.792645 82197
4533.795214 82198
4533.797536 82200
4533.799989 82201
4533.802488 82202
4533.805015 82203
4533.807491 82204
4533.809990 82205
4533.812496 82207
4533.815138 82209
4533.817267 82210
4533.819708 82211
4533.822263 82212
4533.824768 82213
4533.827269 82215
4533.829653 82216
4533.832271 82217
4533.834713 82218
4533.837218 82219
4533.839733 82220
4533.842256 82221
4533.844999 82223
4533.847238 82225
4533.849506 82226
4533.852016 82227
4533.854559 82228
4533.857163 82229
4533.860791 82230
4533.863297 82232
4533.865794 82233
4533.868274 82234
4533.870702 82235
4533.873448 82236
4533.875793 82237
4533.878460 82239
4533.880818 82241
4533.883189 82242
4533.885573 82243
4533.888096 82244
4533.890541 82245
4533.893070 82247
4533.895607 82249
4533.898022 82250
4533.900551 82251
4533.903077 82252
4533.905706 82253
4533.908031 82255
4533.910560 82257
4533.913026 82258
4533.915292 82259
4533.917728 82260
4533.920354 82261
4533.922856 82262
4533.925287 82264
4533.927849 82265
4533.930327 82266
4533.932859 82267
4533.935370 82268
4533.938032 82270
4533.940363 82271
4533.942795 82273
4533.945366 82274
4533.947942 82275
4533.950096 82276
4533.952760 82277
4533.955139 82278
4533.957628 82280
4533.959984 82281
4533.962627 82282
4533.965146 82283
4533.967650 82284
4533.970171 82285
4533.972652 82287
4533.975158 82289
4533.977648 82290
4533.980107 82291
4533.982254 82292
4533.984938 82293
4533.987270 82294
4533.989851 82296
4533.992228 82297
4533.994944 82298
4533.997307 82299
4533.999927 82300
4534.002313 82301
4534.004876 82302
4534.007315 82304
4534.009812 82305
4534.012293 82306
4534.014567 82307
4534.017198 82308
4534.019702 82309
4534.022203 82311
4534.024726 82313
4534.027241 82314
4534.029754 82315
4534.032060 82316
4534.034715 82317
4534.037253 82319
4534.039632 82321
4534.042298 82322
4534.044752 82323
4534.047014 82324
4534.049516 82325
4534.051961 82327
4534.054474 82328
4534.056886 82329
4534.059536 82330
4534.061956 82331
4534.064547 82332
4534.067004 82333
4534.069528 82334
4534.072052 82336
4534.074512 82337
4534.076989 82338
4534.079318 82339
4534.081645 82340
4534.084313 82341
4534.086569 82343
4534.089058 82345
4534.091699 82346
4534.094197 82347
4534.096762 82348
4534.099238 82349
4534.101735 82351
4534.104142 82353
4534.106689 82354
4534.109293 82355
4534.111703 82356
4534.113949 82357
4534.116347 82359
4534.118865 82360
4534.121404 82361
4534.123876 82362
4534.126453 82363
4534.128936 82364
4534.131389 82365
4534.133891 82366
4534.136397 82368
4534.139006 82369
4534.141473 82370
4534.144950 82371
4534.147489 82373
4534.149910 82374
4534.152456 82376
4534.155118 82377
4534.157410 82378
4534.159923 82379
4534.162480 82380
4534.164880 82381
4534.167373 82383
4534.170065 82385
4534.172398 82386
4534.256864 82387
4534.259474 82388
4534.261884 82389
4534.264358 82391
4534.266861 82393
4534.269267 82394
4534.271927 82395
4534.274303 82396
4534.276835 82397
4534.279362 82399
4534.281591 82401
4534.284068 82402
4534.286565 82403
4534.289136 82404
4534.291636 82405
4534.294104 82407
4534.296579 82409
4534.299144 82410
4534.301737 82411
4534.304073 82412
4534.306675 82413
4534.309029 82414
4534.311602 82416
4534.314015 82417
4534.316475 82418
4534.319014 82419
4534.321530 82420
4534.323907 82421
4534.332658 82422
4534.335006 82424
4534.337642 82425
4534.340074 82426
4534.342624 82427
4534.344999 82428
4534.347541 82429
4534.349919 82431
4534.566125 82433
4534.568476 82434
4534.571099 82435
4534.573611 82436
4534.575931 82437
4534.578592 82439
4534.580706 82441
4534.583335 82442
4534.585722 82443
4534.588393 82444
4534.590744 82445
4534.593360 82447
4534.595718 82449
4534.598355 82450
4534.600716 82451
4534.603215 82452
4534.605720 82453
4534.608230 82455
4534.610713 82457
4534.612997 82458
4534.615619 82459
4534.618003 82460
4534.620618 82461
4534.622987 82463
4534.625615 82465
4534.627988 82466
4534.630603 82467
4534.633152 82468
4534.635721 82469
4534.638073 82470
4534.640649 82472
4534.643039 82473
4534.645296 82474
4534.647785 82475
4534.650426 82476
4534.652831 82477
4534.655405 82478
4534.657804 82480
4534.660450 82481
4534.662781 82482
4534.665415 82483
4534.669109 82484
4534.670293 82485
4534.672785 82487
4534.675362 82489
4534.677733 82490
4534.680115 82491
4534.682664 82492
4534.685055 82493
4534.687746 82495
4534.690202 82497
4534.692688 82498
4534.695210 82499
4534.697636 82500
4534.700127 82501
4534.702713 82503
4534.705236 82504
4534.707751 82505
4534.710141 82506
4534.713627 82507
4534.716196 82508
4534.718566 82509
4534.721134 82511
4534.723646 82513
4534.726358 82514
4534.728698 82515
4534.731202 82516
4534.733597 82517
4534.736102 82519
4534.738840 82521
4534.741126 82522
4534.743375 82523
4534.745903 82524
4534.748389 82525
4534.750802 82526
4534.753571 82528
4534.755895 82529
4534.758378 82530
4534.760879 82531
4534.763392 82532
4534.766031 82533
4534.768375 82535
4534.770875 82537
4534.773383 82538
4534.775650 82539
4534.778145 82540
4534.780609 82541
4534.783188 82543
4534.785642 82544
4534.788111 82545
4534.790485 82546
4534.793112 82547
4534.795746 82548
4534.798116 82550
4534.800496 82551
4534.802994 82553
4534.805769 82554
4534.808125 82555
4534.810382 82556
4534.812785 82557
4534.816643 82558
4534.817867 82560
4534.821662 82561
4534.822915 82562
4534.825272 82563
4534.827877 82564
4534.830555 82565
4534.834029 82567
4534.836790 82569
4534.839222 82570
4534.841436 82571
4534.843912 82572
4534.846474 82573
4534.848821 82575
4534.851421 82577
4534.853943 82578
4534.856472 82579
4534.858980 82580
4534.861604 82581
4534.864047 82583
4534.866671 82585
4534.869070 82586
4534.871607 82587
4534.873935 82588
4534.876317 82589
4534.878969 82591
4534.881263 82592
4534.883941 82593
4534.886323 82594
4534.888749 82595
4534.891237 82596
4534.893826 82597
4534.896289 82598
4534.898836 82600
4534.901345 82601
4534.903987 82602
4534.906356 82603
4534.908598 82604
4534.911045 82605
4534.913738 82607
4534.916069 82609
4534.918416 82610
4534.921070 82611
4534.923654 82612
4534.926156 82613
4534.928672 82615
4534.930920 82617
4534.933660 82618
4534.936123 82619
4534.938733 82620
4534.940710 82621
4534.943352 82623
4534.945945 82625
4534.948431 82626
4534.950835 82627
4534.953399 82628
4534.955901 82629
4534.958404 82630
4534.960886 82631
4534.963425 82633
4534.965886 82634
4534.968372 82635
4534.970863 82636
4534.973371 82637
4534.975447 82638
4534.978041 82640
4534.980608 82641
4534.983026 82642
4534.985565 82643
4534.988087 82644
4534.990654 82645
4534.993059 82647
4534.995501 82649
4534.997962 82650
4535.003107 82651
4535.007756 82652
4535.012786 82654
4535.017762 82656
4535.022874 82658
4535.028017 82660
4535.032892 82662
4535.037775 82664
4535.042666 82666
4535.047524 82668
4535.052676 82670
4535.057566 82673
4535.062554 82675
4535.067567 82677
4535.072565 82680
4535.077353 82682
4535.082322 82684
4535.087320 82687
4535.092349 82690
4535.097337 82692
4535.102340 82694
4535.107415 82697
4535.112159 82699
4535.117306 82701
4535.122322 82704
4535.127258 82706
4535.132250 82708
4535.137197 82711
4535.141898 82714
4535.148243 82716
4535.153210 82719
4535.158158 82722
4535.163159 82724
4535.168158 82727
4535.173128 82730
4535.177921 82732
4535.183064 82735
4535.188081 82738
4535.192966 82740
4535.197968 82742
4535.203125 82745
4535.207904 82747
4535.212877 82749
4535.217855 82752
4535.222890 82754
4535.227845 82756
4535.232853 82759
4535.237470 82762
4535.242495 82764
4535.247533 82767
4535.252532 82770
4535.257547 82772
4535.281057 82777
4535.286225 82779
4535.291996 82782
4535.296067 82785
4535.300865 82788
4535.305802 82791
4535.310848 82795
4535.315768 82799
4535.320835 82803
4535.325798 82807
4535.330822 82811
4535.335597 82814
4535.340544 82818
4535.345604 82821
4535.350603 82824
4535.355688 82827
4535.360695 82830
4535.365320 82833
4535.370334 82835
4535.375458 82838
4535.380485 82841
4535.385394 82843
4535.390533 82846
4535.395141 82849
4535.400440 82851
4535.405153 82853
4535.410236 82856
4535.415151 82858
4535.420143 82860
4535.425164 82863
4535.430072 82866
4535.435080 82868
4535.440086 82871
4535.445063 82874
4535.450119 82876
4535.454940 82879
4535.459725 82882
4535.529309 82882
4535.534474 82882
4535.539433 82883
4535.544441 82884
4535.549421 82885
4535.554074 82887
4535.559129 82889
4535.565311 82890
4535.570425 82892
4535.575337 82894
4535.580397 82896
4535.585070 82898
4535.590097 82900
4535.595429 82902
4535.600232 82904
4535.605182 82906
4535.610283 82908
4535.615154 82910
4535.619872 82913
4535.624959 82915
4535.629900 82917
4535.635064 82920
4535.639901 82922
4535.645020 82924
4535.649760 82927
4535.654763 82930
4535.659800 82932
4535.664790 82935
4535.676090 82938
4535.680960 82940
4535.685965 82942
4535.690865 82945
4535.695731 82947
4535.700735 82949
4535.705753 82952
4535.710936 82954
4535.930520 82956
4535.935491 82959
4535.940476 82962
4535.945475 82964
4535.950350 82967
4535.955407 82970
4535.960339 82972
4535.965548 82975
4535.970261 82978
4535.975237 82980
4535.980271 82983
4535.985019 82986
4535.990002 82988
4535.994986 82991
4536.000031 82994
4536.005199 82996
4536.010078 82999
4536.014931 83002
4536.019860 83004
4536.024835 83006
4536.029926 83009
4536.034848 83011
4536.039850 83013
4536.044857 83016
4536.049613 83018
4536.054741 83020
4536.059740 83023
4536.064768 83026
4536.069712 83028
4536.074774 83030
4536.079559 83033
4536.084371 83035
4536.089429 83037
4536.094537 83040
4536.099541 83042
4536.104531 83044
4536.109470 83047
4536.114315 83050
4536.119324 83052
4536.124328 83055
4536.129184 83058
4536.135452 83060
4536.140532 83063
4536.145246 83066
4536.150213 83068
4536.155370 83071
4536.160174 83074
4536.165193 83076
4536.170190 83079
4536.175045 83082
4536.180017 83084
4536.184942 83086
4536.191217 83089
4536.196234 83091
4536.201225 83094
4536.206257 83097
4536.211002 83099
4536.216002 83101
4536.219902 83104
4536.224767 83106
4536.231339 83108
4536.236068 83111
4536.240796 83114
4536.245793 83116
4536.250991 83118
4536.255860 83121
4536.260873 83123
4536.265881 83125
4536.270634 83128
4536.275641 83130
4536.280668 83132
4536.285650 83135
4536.290665 83138
4536.295784 83140
4536.300791 83143
4536.305546 83146
4536.310549 83148
4536.315563 83151
4536.320556 83154
4536.325566 83156
4536.330602 83158
4536.335575 83161
4536.340329 83163
4536.345336 83165
4536.350462 83168
4536.355471 83170
4536.360470 83172
4536.365483 83175
4536.370113 83178
4536.375121 83180
4536.382262 83183
4536.385791 83186
4536.390145 83188
4536.394874 83190
4536.400006 83193
4536.404775 83195
4536.409675 83197
4536.414771 83200
4536.419757 83202
4536.424852 83204
4536.431099 83207
4536.435943 83210
4536.440736 83212
4536.445740 83215
4536.450731 83218
4536.455704 83220
4536.460718 83223
4536.465751 83226
4536.470652 83228
4536.475493 83230
4536.480573 83233
4536.485364 83235
4536.490427 83237
4536.495422 83240
4536.500394 83242
4536.505160 83244
4536.510152 83247
4536.515284 83250
4536.520310 83252
4536.525124 83254
4536.530338 83257
4536.535274 83259
4536.540041 83261
4536.544923 83264
4536.549907 83266
4536.555023 83268
4536.560026 83271
4536.564987 83274
4536.570127 83276
4536.574779 83279
4536.579749 83282
4536.586098 83284
4536.591005 83287
4536.596075 83290
4536.601077 83292
4536.606108 83295
4536.610865 83298
4536.615957 83300
4536.620834 83303
4536.625855 83306
4536.631001 83308
4536.636023 83311
4536.640532 83314
4536.645772 83316
4536.650823 83318
4536.655639 83321
4536.660660 83323
4536.665604 83325
4536.670600 83328
4536.675590 83330
4536.680471 83332
4536.685314 83335
4536.690456 83338
4536.695499 83340
4536.700285 83343
4536.705439 83346
4536.710100 83348
4536.715128 83350
4536.720092 83353
4536.725065 83355
4536.730207 83357
4536.735114 83360
4536.740113 83362
4536.744996 83364
4536.749927 83367
4536.754924 83370
4536.759965 83372
4536.764855 83375
4536.769850 83378
4536.774969 83380
4536.779915 83383
4536.784615 83386
4536.789626 83388
4536.794614 83390
4536.802184 83393
4536.807086 83395
4536.812107 83397
4536.816965 83400
4536.821931 83402
4536.826971 83405
4536.831901 83408
4536.837015 83410
4536.841931 83412
4536.847018 83415
4536.851721 83418
4536.856771 83420
4536.861712 83422
4536.866753 83425
4536.871787 83427
4536.876669 83430
4536.881595 83433
4536.886474 83435
4536.891460 83437
4536.896469 83440
4536.901476 83442
4536.906497 83445
4536.911462 83448
4536.916180 83450
4536.921141 83452
4536.926151 83455
4536.931052 83458
4536.936155 83460
4536.941202 83462
4536.946087 83465
4536.951028 83467
4536.956002 83470
4536.960994 83473
4536.966097 83475
4536.971025 83477
4536.976185 83480
4536.981176 83482
4536.985903 83484
4536.990907 83486
4536.995778 83489
4537.000818 83491
4537.005766 83494
4537.010713 83497
4537.015584 83499
4537.020629 83501
4537.025616 83504
4537.030628 83506
4537.035626 83509
4537.040535 83512
4537.046760 83514
4537.051640 83516
4537.056525 83519
4537.061567 83522
4537.066475 83525
4537.071570 83528
4537.076611 83530
4537.080454 83532
4537.085170 83535
4537.091511 83538
4537.096435 83540
4537.101509 83542
4537.106306 83545
4537.111288 83547
4537.116236 83550
4537.121218 83553
4537.127393 83555
4537.132463 83557
4537.137335 83560
4537.142315 83562
4537.147481 83565
4537.261461 83567
4537.266503 83570
4537.271541 83573
4537.276501 83576
4537.281352 83579
4537.286196 83582
4537.291241 83586
4537.296571 83590
4537.301415 83594
4537.306468 83598
4537.311114 83602
4537.316088 83606
4537.322473 83611
4537.327313 83615
4537.332324 83620
4537.337288 83625
4537.342080 83629
4537.347168 83634
4537.350798 83638
4537.355849 83643
4537.362188 83648
4537.365935 83652
4537.372220 83657
4537.377180 83661
4537.382100 83666
4537.387060 83671
4537.391915 83676
4537.396857 83681
4537.401878 83686
4537.406991 83691
4537.411997 83696
4537.416974 83700
4537.421658 83705
4537.426758 83710
4537.431623 83715
4537.436628 83720
4537.441633 83725
4537.446660 83730
4537.451398 83735
4537.456460 83740
4537.461389 83745
4537.466403 83749
4537.471569 83754
4537.476451 83758
4537.481582 83762
4537.486134 83765
4537.491210 83769
4537.496257 83772
4537.501073 83776
4537.506232 83779
4537.511280 83782
4537.516242 83785
4537.521061 83788
4537.526015 83791
4537.531116 83794
4537.536018 83796
4537.541154 83799
4537.546019 83802
4537.551184 83805
4537.555724 83808
4537.560814 83810
4537.565840 83812
4537.570884 83815
4537.575848 83818
4537.581171 83821
4537.585909 83824
4537.591375 83826
4537.595634 83828
4537.600846 83831
4537.605708 83834
4537.610817 83837
4537.615677 83840
4537.621007 83842
4537.625650 83844
4537.630806 83847
4537.635583 83850
4537.640876 83852
4537.645768 83854
4537.650610 83857
4537.655728 83859
4537.660582 83861
4537.665251 83864
4537.670362 83866
4537.675328 83868
4537.680433 83871
4537.685408 83874
4537.690436 83876
4537.695363 83878
4537.700224 83881
4537.705244 83883
4537.710187 83886
4537.715193 83889
4537.720241 83891
4537.725152 83893
4537.730292 83896
4537.734785 83898
4537.739982 83901
4537.744763 83904
4537.749929 83906
4537.754750 83908
4537.759950 83911
4537.764778 83914
4537.769726 83916
4537.774535 83918
4537.779742 83921
4537.784665 83923
4537.789735 83926
4537.794553 83929
4537.800081 83931
4537.804329 83925
4537.809315 83921
4537.814366 83917
4537.819348 83914
4537.824257 83911
4537.829459 83910
4537.834292 83909
4537.840448 83909
4537.844046 83909
4537.849062 83909
4537.854197 83909
4537.859037 83910
4537.864140 83911
4537.869128 83913
4537.873997 83913
4537.880092 83914
4537.885245 83915
4537.890172 83917
4537.895164 83919
4537.900097 83921
4537.904902 83922
4537.909903 83924
4537.914810 83926
4537.919914 83929
4537.924945 83931
4537.928770 83933
4537.934929 83935
4537.939637 83938
4537.944687 83940
4537.986805 83947
4538.707240 83945
4538.709773 83943
4538.712112 83942
4538.714319 83942
4538.716750 83942
4538.719353 83942
4538.721909 83943
4538.724357 83944
4538.726894 83944
4538.729401 83945
4538.731920 83946
4538.734365 83947
4538.736728 83949
4538.739469 83951
4538.741800 83953
4538.744426 83954
4538.749174 83956
4538.755318 83959
4538.760439 83962
4538.765486 83965
4538.770469 83968
4538.775422 83971
4538.780160 83975
4538.785229 83979
4538.790132 83982
4538.793881 83985
4538.799027 83988
4538.805297 83991
4538.810283 83994
4538.814976 83997
4538.819978 84000
4538.825112 84003
4538.829919 84006
4538.834968 84009
4538.839972 84012
4538.844885 84016
4538.849787 84019
4538.854762 84022
4538.859744 84025
4538.864685 84028
4538.869656 84031
4538.875357 84034
4539.331747 84003
4539.332858 83976
4539.334301 83952
4539.335374 83931
4539.336758 83912
4539.338007 83895
4539.339226 83881
4539.340384 83868
4539.341547 83858
4539.342761 83849
4539.344010 83841
4539.345268 83834
4539.346324 83828
4539.347739 83823
4539.349025 83819
4539.350241 83816
4539.352677 83813
4539.355273 83811
4539.357818 83810
4539.360277 83809
4539.362782 83808
4539.365347 83807
4539.367817 83808
4539.370315 83808
4539.372643 83808
4539.375079 83809
4539.377399 83810
4539.380050 83811
4539.382464 83813
4539.385053 83815
4539.387282 83817
4539.390544 83819
4539.394285 83821
4539.396367 83823
4539.919983 83790
4539.922483 83762
4539.924989 83737
4539.927296 83715
4539.929884 83697
4539.933685 83681
4539.936188 83667
4539.938698 83656
4539.941261 83646
4539.943512 83638
4539.946011 83632
4539.948391 83626
4539.951017 83621
4539.953398 83618
4539.955941 83615
4539.958371 83613
4539.963408 83612
4539.968566 83611
4539.973544 83611
4539.978302 83612
4539.983308 83613
4539.988271 83615
4539.993319 83618
4539.998190 83620
4540.003127 83623
4540.008135 83626
4540.013112 83629
4540.018003 83633
4540.023014 83636
4540.028013 83640
4540.032948 83644
4540.037972 83648
4540.042958 83652
4540.047775 83656
4540.052747 83660
4540.057817 83665
4540.062712 83669
4540.067972 83674
4540.072715 83678
4540.077831 83683
4540.082627 83688
4540.087564 83692
4540.092510 83697
4540.097469 83701
4540.102500 83706
4540.107525 83711
4540.112624 83716
4540.117273 83721
4540.122282 83726
4540.127320 83731
4540.132292 83736
4540.137401 83740
4540.142470 83745
4540.147165 83750
4540.152176 83755
4540.157096 83760
4540.162059 83764
4540.167123 83769
4540.171954 83774
4540.177080 83779
4540.181803 83784
4540.186860 83789
4540.191833 83794
4540.196879 83799
4540.201882 83804
4540.206928 83809
4540.211998 83814
4540.216737 83819
4540.221716 83824
4540.226756 83829
4540.231699 83834
4540.236756 83839
4540.241512 83844
4540.246547 83849
4540.251329 83854
4540.256412 83859
4540.261465 83864
4540.266520 83869
4540.271429 83874
4540.276423 83879
4540.281129 83884
4540.286109 83889
4540.291138 83893
4540.296110 83898
4540.301094 83903
4540.306106 83908
4540.311394 83913
4540.316129 83918
4540.320987 83923
4540.325996 83928
4540.332159 83933
4540.337140 83938
4540.342116 83943
4540.347153 83948
4540.351993 83953
4540.356876 83958
4540.360631 83963
4540.365698 83968
4540.370711 83972
4540.376803 83977
4540.381988 83982
4540.386654 83987
4540.391757 83992
4540.396720 83997
4540.401669 84002
4540.406732 84007
4540.411606 84013
4540.416757 84018
4540.421791 84023
4540.426496 84028
4540.430203 84033
4540.432782 84037
4540.435260 84041
4540.437779 84045
4540.440266 84049
4540.442795 84052
4540.445276 84056
4540.447642 84059
4540.450141 84062
4540.452766 84066
4540.455234 84069
4540.457736 84072
4540.460078 84074
4540.462539 84077
4540.464959 84080
4540.467508 84082
4540.470133 84085
4540.472377 84088
4540.475127 84090
4540.477428 84093
4540.479970 84096
4540.482456 84098
4540.484917 84101
4540.487407 84104
4540.489878 84106
4540.492151 84108
4540.494659 84111
4540.497158 84114
4540.499922 84116
4540.502158 84119
4540.504824 84122
4540.507150 84124
4540.509738 84127
4540.512174 84130
4540.514667 84132
4540.517182 84135
4540.519672 84138
4540.522147 84140
4540.524691 84143
4540.526927 84146
4540.529431 84148
4540.531936 84150
4540.534438 84153
4540.536932 84155
4540.539617 84157
4540.541961 84160
4540.544598 84162
4540.547120 84164
4540.549622 84167
4540.552101 84170
4540.554627 84172
4540.557113 84174
4540.559701 84177
4540.561727 84179
4540.564288 84181
4540.566752 84184
4540.569207 84186
4540.571723 84188
4540.574245 84191
4540.576734 84194
4540.579387 84196
4540.581812 84199
4540.584212 84202
4540.586755 84204
4540.589491 84206
4540.591820 84209
4540.594299 84211
4540.596401 84213
4540.599093 84216
4540.601623 84218
4540.604090 84220
4540.606548 84223
4540.609129 84226
4540.611497 84228
4540.614656 84229
4541.402428 84152
4541.403711 84084
4541.405156 84025
4541.918042 83973
4541.920170 83928
4541.922671 83888
4541.925300 83853
4541.927675 83823
4541.930307 83798
4541.932807 83775
4541.935232 83756
4541.937807 83739
4541.940346 83724
4541.944068 83711
4541.946571 83700
4541.949071 83690
4541.951149 83682
4541.953832 83675
4541.956303 83669
4541.961196 83664
4541.966344 83660
4541.971361 83657
4541.976318 83654
4541.981360 83653
4541.986186 83652
4541.991053 83651
4541.996066 83651
4542.003629 83651
4542.008635 83651
4542.013635 83651
4542.018391 83652
4542.023397 83653
4542.028271 83655
4542.033433 83657
4542.038411 83658
4542.043442 83659
4542.048170 83661
4542.053175 83663
4542.058180 83666
4542.063313 83668
4542.068314 83670
4542.073321 83672
4542.078200 83674
4542.084231 83676
4542.089217 83679
4542.094210 83682
4542.099232 83684
4542.102977 83686
4542.107985 83689
4542.112858 83691
4542.117769 83693
4542.123909 83695
4542.129006 83698
4542.133911 83700
4542.138835 83703
4542.143921 83706
4542.148898 83708
4542.153524 83710
4542.158659 83713
4542.163534 83715
4542.168668 83718
4542.173681 83721
4542.178679 83723
4542.183342 83725
4542.188447 83728
4542.195707 83730
4542.198773 83732
4542.203206 83734
4542.208203 83737
4542.213445 83739
4542.218285 83742
4542.223182 83745
4542.230650 83747
4542.342379 83695
4542.344842 83650
4542.347369 83611
4542.349915 83577
4542.352126 83547
4542.357170 83522
4542.362137 83501
4542.367212 83483
4542.372188 83468
4542.377156 83455
4542.382238 83445
4542.386953 83437
4542.391908 83430
4542.396870 83425
4542.402005 83420
4542.407047 83417
4542.412020 83415
4542.417081 83414
4542.421773 83414
4542.426809 83415
4542.431817 83416
4542.436791 83417
4542.441706 83418
4542.446668 83420
4542.451881 83423
4542.456742 83426
4542.461794 83429
4542.466824 83433
4542.471513 83436
4542.476524 83440
4542.481523 83443
4542.486466 83447
4542.491474 83452
4542.496437 83456
4542.501571 83460
4542.506298 83464
4542.511316 83468
4542.516230 83473
4542.521532 83477
4542.526384 83482
4542.531340 83487
4542.536395 83492
4542.541141 83497
4542.547351 83502
4542.552274 83507
4542.557287 83512
4542.562447 83516
4542.567405 83521
4542.572338 83526
4542.575794 83531
4542.580800 83536
4542.585808 83540
4542.591978 83545
4542.597030 83550
4542.602072 83555
4542.607040 83560
4542.611744 83565
4542.616838 83570
4542.621805 83575
4542.626869 83581
4542.631850 83586
4542.636847 83591
4542.641885 83596
4542.646568 83601
4542.651601 83605
4542.656625 83610
4542.661464 83615
4542.666602 83620
4542.671615 83625
4542.676663 83630
4542.681398 83635
4542.686355 83640
4542.691443 83644
4542.696347 83649
4542.701368 83654
4542.706350 83659
4542.711447 83664
4542.716150 83669
4542.721200 83674
4542.726035 83679
4542.731147 83684
4542.737616 83689
4542.740967 83694
4542.745942 83699
4542.750833 83704
4542.755733 83709
4542.760763 83714
4542.765864 83719
4542.770918 83724
4542.775861 83729
4542.780971 83734
4542.785562 83739
4542.790514 83744
4542.795515 83748
4542.800559 83753
4542.805522 83758
4542.810538 83763
4542.815597 83768
4542.820347 83773
4542.825295 83778
4542.830358 83783
4542.835306 83788
4542.840367 83793
4542.845375 83798
4542.850346 83803
4542.855134 83808
4542.860190 83813
4542.865088 83818
4542.870252 83823
4542.875132 83828
4542.880166 83833
4542.885230 83838
4542.889909 83843
4542.895073 83848
4542.899826 83852
4542.904808 83857
4542.909955 83862
4542.914816 83867
4542.919916 83872
4542.924827 83877
4542.929607 83882
4542.934717 83887
4542.939572 83892
4542.944730 83897
4542.949707 83902
4542.954680 83907
4542.959332 83912
4542.965727 83917
4542.970584 83922
4542.974483 83927
4542.979416 83932
4542.984423 83937
4542.989405 83942
4542.994144 83947
4542.999176 83952
4543.004122 83956
4543.010462 83961
4543.015485 83966
4543.020565 83971
4543.025582 83976
4543.030210 83981
4543.035214 83986
4543.040199 83991
4543.045224 83997
4543.050227 84002
4543.055397 84007
4543.060233 84012
4543.065119 84017
4543.070000 84022
4543.075114 84027
4543.080102 84032
4543.085016 84036
4543.089919 84041
4543.094984 84046
4543.099832 84051
4543.104816 84056
4543.109882 84061
4543.114893 84066
4543.119910 84071
4543.124761 84076
4543.129415 84081
4543.134425 84086
4543.139426 84091
4543.144441 84096
4543.149418 84100
4543.154449 84105
4543.159492 84110
4543.164198 84115
4543.169386 84120
4543.174421 84125
4543.179462 84130
4543.184393 84135
4543.193348 84140
4544.680391 84067
4544.683062 84003
4544.685539 83947
4544.687867 83898
4544.690207 83856
4544.692772 83819
4544.695346 83787
4544.697757 83760
4544.700253 83736
4544.702760 83715
4544.705317 83698
4544.707754 83683
4544.710190 83670
4544.712739 83660
4544.715272 83651
4544.717763 83643
4544.723713 83637
4544.728760 83633
4544.733762 83629
4544.738763 83627
4544.743636 83625
4544.748765 83624
4544.753921 83624
4544.758549 83624
4544.762282 83625
4544.768573 83626
4544.773622 83628
4544.778660 83631
4544.783632 83634
4544.788643 83637
4544.793274 83641
4544.798277 83644
4544.803224 83648
4544.808392 83651
4544.813256 83655
4544.818456 83660
4544.823180 83664
4544.828214 83668
4544.833065 83673
4544.838044 83677
4544.843051 83682
4544.848190 83686
4544.853217 83691
4544.857959 83696
4544.862915 83700
4544.867953 83705
4544.872932 83709
4544.878034 83714
4544.882854 83719
4544.888056 83724
4544.892676 83729
4544.897788 83733
4544.902581 83738
4544.907719 83743
4544.912605 83748
4544.917712 83753
4544.922589 83758
4544.927388 83763
4544.932465 83768
4544.937457 83772
4544.942368 83777
4544.947364 83782
4544.952379 83787
4544.957395 83792
4544.962183 83797
4544.967147 83802
4544.972101 83807
4544.977136 83812
4544.982156 83817
4544.987175 83822
4544.992165 83827
4544.996937 83832
4545.001906 83836
4545.006775 83841
4545.012009 83846
4545.016851 83851
4545.021866 83856
4545.026854 83861
4545.031624 83866
4545.036670 83871
4545.041618 83876
4545.046643 83880
4545.051631 83883
4545.056664 83887
4545.061699 83891
4545.066551 83895
4545.071464 83899
4545.076433 83902
4545.081478 83905
4545.086473 83908
4545.091441 83911
4545.096493 83915
4545.101293 83918
4545.106278 83921
4545.111300 83923
4545.116298 83926
4545.121178 83929
4545.126206 83931
4545.131152 83933
4545.136026 83936
4545.141078 83938
4545.147223 83941
4545.152220 83944
4545.157301 83946
4545.162329 83948
4545.167256 83951
4545.170813 83954
4545.175852 83956
4545.180820 83958
4545.185748 83961
4545.192210 83963
4545.197093 83966
4545.201993 83969
4545.206850 83971
4545.211884 83973
4545.216738 83976
4545.221989 83978
4545.226742 83981
4545.231838 83984
4545.236772 83986
4545.406956 83965
4545.409575 83947
4545.411476 83932
4545.414106 83919
4545.416511 83908
4545.419178 83899
4545.421626 83891
4545.424020 83884
4545.426483 83879
4545.429278 83875
4545.431642 83871
4545.434186 83868
4545.436579 83866
4545.439121 83864
4545.441557 83862
4545.444230 83862
4545.446425 83862
4545.448942 83862
4545.451415 83862
4545.453824 83863
4545.456354 83864
4545.458817 83864
4545.461296 83865
4545.463873 83866
4545.466342 83867
4545.469134 83869
4545.471421 83871
4545.473882 83873
4545.476429 83875
4545.478721 83877
4545.481205 83879
4545.483639 83882
4545.486278 83884
4545.488584 83886
4545.491086 83888
4545.493678 83890
4545.496149 83892
4545.498624 83894
4545.501109 83897
4545.503627 83899
4545.506192 83901
4545.508664 83904
4545.511094 83906
4545.513487 83908
4545.515965 83910
4545.518482 83913
4545.520936 83915
4545.523459 83917
4545.532936 83920
4547.105979 83828
4547.107227 83748
4547.108487 83678
4547.109631 83617
4547.110877 83563
4547.112018 83516
4547.113288 83476
4547.114525 83441
4547.115778 83410
4547.116899 83383
4547.118278 83360
4547.119355 83339
4547.120721 83321
4547.122109 83306
4547.123318 83293
4547.124625 83282
4547.127111 83272
4547.129535 83264
4547.134533 83257
4547.139579 83252
4547.144257 83248
4547.149259 83245
4547.154254 83244
4547.159223 83243
4547.164244 83243
4547.169210 83244
4547.174261 83245
4547.179018 83247
4547.184081 83249
4547.189269 83251
4547.194276 83254
4547.199307 83257
4547.204306 83260
4547.209173 83263
4547.213571 83267
4547.218337 83271
4547.223258 83275
4547.228301 83279
4547.233274 83283
4547.238158 83287
4547.243090 83292
4547.248045 83296
4547.253186 83300
4547.258217 83304
4547.263207 83308
4547.268202 83313
4547.272983 83317
4547.277983 83322
4547.283023 83327
4547.287993 83332
4547.292834 83337
4547.297850 83341
4547.302904 83346
4547.307596 83351
4547.312638 83356
4547.317659 83361
4547.322653 83365
4547.327623 83370
4547.332705 83375
4547.337704 83380
4547.342438 83385
4547.347611 83390
4547.352513 83395
4547.357439 83400
4547.362451 83404
4547.367592 83409
4547.372266 83414
4547.377269 83419
4547.382224 83424
4547.387308 83428
4547.392252 83433
4547.397369 83438
4547.402292 83443
4547.407183 83448
4547.412018 83453
4547.416973 83458
4547.422002 83463
4547.426995 83468
4547.431985 83473
4547.436841 83478
4547.441780 83483
4547.446755 83488
4547.452000 83493
4547.457041 83498
4547.461684 83503
4547.466692 83508
4547.471470 83513
4547.476490 83518
4547.481466 83523
4547.486613 83528
4547.491482 83533
4547.496498 83538
4547.501259 83543
4547.506273 83548
4547.511399 83553
4547.516409 83558
4547.521472 83563
4547.526469 83568
4547.532471 83573
4547.537414 83578
4547.542436 83583
4547.547323 83588
4547.551077 83593
4547.555953 83597
4547.560999 83602
4547.565856 83607
4547.572153 83612
4547.577058 83617
4547.582011 83622
4547.586979 83627
4547.592092 83632
4547.597218 83637
4547.601930 83642
4547.606904 83647
4547.611834 83652
4547.616893 83657
4547.621881 83662
4547.627049 83667
4547.631617 83672
4547.636691 83677
4547.641795 83682
4547.646586 83687
4547.651655 83692
4547.656601 83697
4547.662247 83702
4549.246375 83665
4549.249018 83632
4549.251469 83603
4549.254073 83579
4549.256471 83558
4549.258660 83540
4549.261187 83525
4549.263837 83512
4549.266292 83500
4549.268794 83491
4549.271151 83483
4549.273805 83476
4549.276417 83471
4549.278770 83467
4549.281375 83463
4549.283888 83460
4549.288916 83458
4549.293635 83457
4549.298703 83456
4549.303657 83456
4549.308699 83457
4549.313524 83458
4549.319912 83460
4549.324634 83463
4549.328636 83466
4549.333444 83469
4549.338519 83472
4549.343397 83475
4549.348265 83478
4549.354533 83482
4549.359531 83486
4549.364466 83490
4549.369496 83494
4549.374380 83499
4549.379292 83503
4549.384423 83508
4549.389192 83512
4549.394069 83516
4549.399197 83521
4549.404207 83525
4549.409082 83530
4549.414104 83535
4549.419210 83540
4549.424021 83545
4549.428875 83549
4549.433851 83554
4549.438869 83559
4549.443873 83564
4549.448855 83569
4549.453656 83574
4549.458661 83579
4549.463669 83584
4549.468664 83588
4549.473658 83593
4549.478717 83598
4549.483751 83603
4549.488630 83608
4549.493636 83613
4549.498564 83618
4549.503643 83623
4549.508616 83628
4549.513617 83633
4549.518537 83638
4549.523191 83643
4549.528300 83648
4549.533223 83652
4549.538230 83657
4549.543279 83662
4549.548359 83667
4549.553032 83672
4549.558035 83677
4549.563044 83682
4549.568027 83687
4549.573030 83692
4549.578024 83697
4549.582996 83702
4549.587802 83707
4549.592754 83712
4549.597821 83717
4549.602804 83722
4549.607794 83727
4549.612692 83732
4549.617810 83737
4549.622592 83741
4549.627565 83746
4549.632600 83751
4549.637453 83756
4549.642656 83761
4549.647609 83766
4549.652666 83771
4549.657490 83776
4549.662461 83780
4549.667435 83785
4549.672556 83790
4549.677451 83795
4549.682540 83800
4549.687455 83805
4549.692209 83810
4549.697217 83815
4549.702222 83820
4549.707351 83825
4549.712388 83830
4549.717234 83835
4549.722028 83840
4549.726995 83845
4549.732153 83850
4549.737005 83855
4549.742004 83860
4549.747017 83865
4549.752145 83870
4549.756773 83875
4549.761900 83880
4549.766785 83884
4549.771881 83889
4549.777919 83894
4549.783046 83900
4549.787791 83905
4549.792872 83910
4549.797706 83915
4549.802951 83920
4549.806709 83924
4549.811718 83929
4549.817843 83934
4549.822816 83939
4549.827749 83918
4549.833607 83901
4549.837574 83886
4549.842552 83874
4549.847616 83863
4549.852328 83855
4549.857437 83849
4549.862328 83843
4549.867281 83839
4549.872291 83837
4549.877205 83835
4549.882292 83834
4549.887089 83833
4549.892113 83833
4549.897035 83834
4549.902151 83835
4549.907043 83837
4549.912054 83839
4549.917073 83842
4549.921812 83845
4549.926864 83848
4549.930207 83851
4551.664637 83800
4551.665956 83755
4551.667156 83716
4551.668318 83682
4551.669489 83653
4551.670927 83628
4551.672146 83606
4551.673347 83587
4551.674549 83570
4551.675910 83555
4551.677071 83543
4551.678420 83533
4551.679800 83524
4551.680896 83516
4551.682178 83509
4551.683330 83503
4551.685815 83499
4551.688434 83495
4551.690927 83492
4551.693403 83489
4551.695859 83487
4551.698162 83486
4551.700619 83485
4551.703185 83485
4551.705565 83485
4551.708097 83485
4551.710801 83486
4551.713196 83487
4551.715581 83488
4551.718087 83489
4551.720790 83490
4551.723057 83491
4551.725682 83493
4551.728121 83495
4551.730690 83497
4551.732845 83498
4551.735567 83500
4551.737962 83502
4551.740511 83504
4551.742867 83506
4551.745471 83508
4551.747932 83510
4551.750465 83513
4551.752906 83515
4551.755402 83517
4551.757935 83520
4551.760456 83522
4551.762912 83524
4551.765403 83526
4551.767607 83529
4551.770173 83531
4551.772625 83533
4551.775146 83536
4551.777592 83538
4551.780139 83540
4551.782665 83543
4551.785083 83546
4551.787621 83548
4551.790127 83550
4551.792602 83553
4551.795084 83555
4551.797720 83557
4551.799866 83560
4551.802362 83562
4551.804860 83564
4551.807387 83567
4551.809882 83570
4551.812383 83572
4551.814954 83575
4551.817408 83578
4551.819854 83580
4551.822404 83582
4551.824854 83585
4551.827396 83587
4551.830010 83589
4551.832431 83592
4551.836889 83594
4551.837111 83596
4551.839564 83599
4551.842057 83602
4551.844563 83604
4551.847083 83600
4551.849586 83591
4551.852166 83584
4551.854680 83577
4551.857116 83572
4551.859617 83568
4551.862108 83564
4551.864607 83562
4551.867124 83560
4551.869416 83558
4551.871895 83558
4551.874387 83558
4551.876917 83558
4551.879400 83559
4551.881912 83560
4551.884408 83560
4551.886931 83561
4551.889470 83562
4551.891935 83563
4551.894416 83564
4551.896891 83566
4551.899519 83568
4551.901738 83569
4551.904193 83571
4551.906717 83573
4551.909186 83575
4551.911740 83577
4551.914255 83579
4551.916645 83581
4551.919281 83583
4551.921878 83586
4551.923477 83588
4551.926144 83590
4551.928351 83593
4551.930766 83595
4551.933239 83597
4551.935725 83599
4551.938257 83602
4551.940906 83604
4551.943225 83606
4551.945732 83609
4551.948260 83611
4551.953136 83614
4551.958147 83617
4551.963028 83620
4551.968246 83623
4551.972996 83627
4551.978066 83631
4551.983065 83635
4551.989203 83639
4551.992961 83644
4551.997789 83648
4552.002722 83652
4552.007853 83656
4552.012737 83660
4552.017743 83665
4552.022746 83669
4552.028987 83674
4552.033752 83679
4552.038702 83684
4552.043806 83689
4552.048716 83693
4552.053717 83698
4552.056867 83702
