4531.792089 0
4531.792120 0
4531.792189 0
4531.792239 1
4531.792250 2
4531.792263 3
4531.792275 4
4531.792291 5
4531.792308 6
4531.792323 7
4531.792335 8
4531.792346 9
4531.823881 9
4531.823904 9
4531.823945 10
4531.829413 10
4531.829449 10
4531.829496 11
4531.831996 11
4531.832018 11
4531.832036 12
4531.834336 12
4531.834355 12
4531.834369 13
4531.836889 13
4531.836900 13
4531.836922 14
4531.839254 14
4531.839265 14
4531.839281 15
4531.841711 15
4531.841735 15
4531.841751 16
4531.844305 16
4531.844331 16
4531.844345 17
4531.846891 17
4531.846901 17
4531.846914 18
4531.848079 18
4531.848101 18
4531.848128 19
4531.861001 19
4531.861023 19
4531.861050 20
4531.861971 20
4531.862000 20
4531.862027 21
4531.865603 21
4531.865632 21
4531.865658 22
4531.868229 22
4531.868252 22
4531.868279 23
4531.871942 23
4531.871964 23
4531.871990 24
4531.873107 24
4531.873129 24
4531.873155 25
4531.876886 25
4531.876909 25
4531.876940 26
4531.879451 26
4531.879473 26
4531.879501 27
4531.881906 27
4531.881948 27
4531.881975 28
4531.884381 28
4531.884412 28
4531.884468 29
4531.887006 29
4531.887039 29
4531.887098 30
4531.889527 30
4531.889565 30
4531.889611 31
4531.891773 31
4531.891808 31
4531.891863 32
4531.894413 32
4531.894449 32
4531.894509 33
4531.896646 33
4531.896677 33
4531.896730 34
4531.899148 34
4531.899179 34
4531.899234 35
4531.901652 35
4531.901681 35
4531.901734 36
4531.904122 36
4531.904156 36
4531.904212 37
4531.905347 37
4531.905379 37
4531.905437 38
4531.906616 38
4531.906646 38
4531.906699 39
4531.911661 39
4531.911691 39
4531.911750 40
4531.914121 40
4531.914153 40
4531.914209 41
4531.916758 41
4531.916788 41
4531.916848 42
4531.919166 42
4531.919201 42
4531.919246 43
4531.921631 43
4531.921664 43
4531.921713 44
4531.924148 44
4531.924180 44
4531.924245 45
4531.926575 45
4531.926606 45
4531.926653 46
4531.929178 46
4531.929222 46
4531.929287 47
4531.932819 47
4531.932855 47
4531.932917 48
4531.933931 48
4531.933966 48
4531.934024 49
4531.936604 49
4531.936657 49
4531.936723 50
4531.939078 50
4531.939115 50
4531.939158 51
4531.942710 51
4531.942745 51
4531.942806 52
4531.943809 52
4531.943847 52
4531.943899 53
4531.947582 53
4531.947605 53
4531.947632 54
4531.948959 54
4531.949006 54
4531.949062 55
4531.951288 55
4531.951320 55
4531.951377 56
4531.955203 56
4531.955235 56
4531.955289 57
4531.957713 57
4531.957744 57
4531.957804 58
4531.960109 58
4531.960140 58
4531.960189 59
4531.962713 59
4531.962744 59
4531.962798 60
4531.964913 60
4531.964946 60
4531.964993 61
4531.967479 61
4531.967514 61
4531.967576 62
4531.969924 62
4531.969952 62
4531.969985 63
4531.972396 63
4531.972433 63
4531.972494 64
4531.974947 64
4531.974989 64
4531.975048 65
4531.977519 65
4531.977570 65
4531.977648 66
4531.979887 66
4531.979943 66
4531.980011 67
4531.982503 67
4531.982541 67
4531.982603 68
4531.985132 68
4531.985168 68
4531.985225 69
4531.987503 69
4531.987539 69
4531.987601 70
4531.989952 70
4531.989994 70
4531.990051 71
4531.992383 71
4531.992418 71
4531.992479 72
4531.994887 72
4531.994920 72
4531.994984 73
4531.997264 73
4531.997307 73
4531.997364 74
4531.999887 74
4531.999923 74
4531.999985 75
4532.002354 75
4532.002389 75
4532.002455 76
4532.004727 76
4532.004763 76
4532.004822 77
4532.007272 77
4532.007308 77
4532.007373 78
4532.009744 78
4532.009786 78
4532.009854 79
4532.012183 79
4532.012230 79
4532.012282 80
4532.014775 80
4532.014815 80
4532.014865 81
4532.017258 81
4532.017288 81
4532.017317 82
4532.019860 82
4532.019886 82
4532.019928 83
4532.022198 83
4532.022239 83
4532.022272 84
4532.024828 84
4532.024869 84
4532.024902 85
4532.027269 85
4532.027313 85
4532.027356 86
4532.029850 86
4532.029871 86
4532.029907 87
4532.032094 87
4532.032119 87
4532.032145 88
4532.034343 88
4532.034391 88
4532.034423 89
4532.037140 89
4532.037185 89
4532.037235 90
4532.039444 90
4532.039470 90
4532.039497 91
4532.041952 91
4532.041988 91
4532.042050 92
4532.044346 92
4532.044390 92
4532.044457 93
4532.047017 93
4532.047053 93
4532.047114 94
4532.049527 94
4532.049563 94
4532.049626 95
4532.053336 95
4532.053378 95
4532.053433 96
4532.055781 96
4532.055816 96
4532.055882 97
4532.058195 97
4532.058231 97
4532.058273 98
4532.060856 98
4532.060899 98
4532.060963 99
4532.063329 99
4532.063364 99
4532.063429 100
4532.065580 100
4532.065618 100
4532.065676 101
4532.067965 101
4532.068000 101
4532.068061 102
4532.070617 102
4532.070660 102
4532.070716 103
4532.073088 103
4532.073123 103
4532.073187 104
4532.075471 104
4532.075506 104
4532.075567 105
4532.080549 104
4532.080578 104
4532.080616 105
4532.080663 106
4532.080709 107
4532.085353 106
4532.085388 106
4532.085427 107
4532.085460 108
4532.085491 109
4532.090446 108
4532.090476 108
4532.090529 109
4532.090557 110
4532.090592 111
4532.095573 110
4532.095603 110
4532.095696 111
4532.095730 112
4532.095758 113
4532.100184 112
4532.100216 112
4532.100260 113
4532.100309 114
4532.100344 115
4532.105180 114
4532.105212 114
4532.105261 115
4532.105304 116
4532.105336 117
4532.110397 116
4532.110439 116
4532.110508 117
4532.110551 118
4532.110577 119
4532.115330 118
4532.115362 118
4532.115463 119
4532.115512 120
4532.115554 121
4532.120397 120
4532.120434 120
4532.120498 121
4532.120574 122
4532.120631 123
4532.125247 122
4532.125278 122
4532.125316 123
4532.125345 124
4532.125399 125
4532.130340 124
4532.130372 124
4532.130429 125
4532.130461 126
4532.130516 127
4532.135131 126
4532.135164 126
4532.135224 127
4532.135256 128
4532.135294 129
4532.139910 128
4532.139947 128
4532.140006 129
4532.140044 130
4532.140086 131
4532.145144 130
4532.145168 130
4532.145214 131
4532.145289 132
4532.145341 133
4532.150011 132
4532.150033 132
4532.150089 133
4532.150133 134
4532.155166 133
4532.160029 131
4532.164942 129
4532.169979 127
4532.174940 125
4532.180026 123
4532.185008 121
4532.189908 119
4532.194812 117
4532.200058 115
4532.204537 113
4532.209776 111
4532.214726 109
4532.219801 107
4532.224879 105
4532.229790 103
4532.234712 101
4532.239415 99
4532.244580 97
4532.249532 95
4532.254366 93
4532.259343 91
4532.264388 89
4532.269265 87
4532.273928 85
4532.281855 83
4532.282860 82
4532.284166 81
4532.286779 80
4532.289257 79
4532.294186 78
4532.295458 77
4532.297788 76
4532.300289 75
4532.302443 74
4532.305057 73
4532.307577 72
4532.310097 71
4532.312566 70
4532.315122 69
4532.317594 68
4532.320135 67
4532.322611 66
4532.325069 65
4532.327477 64
4532.331391 63
4532.333814 62
4532.336025 61
4532.338563 60
4532.341194 59
4532.346035 58
4532.347489 57
4532.347515 57
4532.347549 58
4532.349787 58
4532.349804 58
4532.349826 59
4532.352199 59
4532.352217 59
4532.352241 60
4532.356044 60
4532.356053 60
4532.356064 61
4532.357224 61
4532.357240 61
4532.357260 62
4532.359761 62
4532.359776 62
4532.359798 63
4532.362352 63
4532.362372 63
4532.362400 64
4532.364751 64
4532.364780 64
4532.364819 65
4532.367367 65
4532.367400 65
4532.367442 66
4532.369582 66
4532.369601 66
4532.369622 67
4532.372168 67
4532.372193 67
4532.372220 68
4532.375862 68
4532.375885 68
4532.375909 69
4532.376960 69
4532.376983 69
4532.377005 70
4532.383477 69
4532.383518 69
4532.383551 70
4532.383582 71
4532.383613 72
4532.388287 71
4532.388332 71
4532.388364 72
4532.388394 73
4532.388425 74
4532.393513 73
4532.393533 73
4532.393562 74
4532.393586 75
4532.393602 76
4532.398277 75
4532.398311 75
4532.398360 76
4532.398410 77
4532.398451 78
4532.403153 77
4532.403171 77
4532.403195 78
4532.403209 79
4532.403222 80
4532.408035 79
4532.408075 79
4532.408120 80
4532.408150 81
4532.408178 82
4532.413163 81
4532.413209 81
4532.413271 82
4532.413318 83
4532.413364 84
4532.418052 83
4532.418100 83
4532.418160 84
4532.418206 85
4532.418248 86
4532.423182 85
4532.423220 85
4532.423284 86
4532.423331 87
4532.423378 88
4532.428100 87
4532.433134 85
4532.437849 83
4532.442901 81
4532.447866 79
4532.452830 77
4532.457868 75
4532.463036 73
4532.467917 71
4532.473232 69
4532.477663 67
4532.482786 65
4532.487671 63
4532.514437 63
4532.514482 64
4532.514521 65
4532.514566 66
4532.514605 67
4532.514644 68
4532.514686 69
4532.529388 69
4532.529403 69
4532.529420 70
4532.690330 69
4532.692600 68
4532.695298 67
4532.697624 66
4532.700261 65
4532.703756 64
4532.704936 63
4532.708641 62
4532.711315 61
4532.713840 60
4532.716345 59
4532.718800 58
4532.721352 57
4532.723774 56
4532.726282 55
4532.728798 54
4532.731343 53
4532.733710 52
4532.736099 51
4532.738536 50
4532.740914 50
4532.740930 51
4532.740943 52
4532.740960 53
4532.740973 54
4532.740986 55
4532.741010 55
4532.741025 55
4532.741038 56
4532.743503 56
4532.743517 56
4532.743532 57
4532.745864 57
4532.745879 57
4532.745894 58
4532.748517 58
4532.748531 58
4532.748547 59
4532.750790 59
4532.750807 59
4532.750823 60
4532.755710 60
4532.755725 60
4532.755742 61
4532.758378 61
4532.758400 61
4532.758448 62
4532.760731 62
4532.760749 62
4532.760766 63
4532.763344 63
4532.763366 63
4532.763392 64
4532.765949 64
4532.765971 64
4532.765995 65
4532.768251 65
4532.768273 65
4532.768291 66
4532.770601 66
4532.770619 66
4532.770636 67
4532.773099 67
4532.773121 67
4532.773147 68
4532.775506 68
4532.775522 68
4532.775540 69
4532.778125 69
4532.778140 69
4532.778159 70
4532.780699 70
4532.780721 70
4532.780775 71
4532.783194 71
4532.783216 71
4532.783268 72
4532.785715 72
4532.785757 72
4532.785788 73
4532.788220 73
4532.788257 73
4532.788315 74
4532.790736 74
4532.790781 74
4532.790856 75
4532.793206 75
4532.793238 75
4532.793295 76
4532.795620 76
4532.795638 76
4532.795659 77
4532.798081 77
4532.798107 77
4532.798139 78
4532.800646 78
4532.800665 78
4532.800687 79
4532.803056 79
4532.803077 79
4532.803101 80
4532.805276 80
4532.805292 80
4532.805309 81
4532.807771 81
4532.807786 81
4532.807803 82
4532.810419 82
4532.810449 82
4532.810502 83
4532.812852 83
4532.812872 83
4532.812898 84
4532.815388 84
4532.815428 84
4532.815489 85
4532.817883 85
4532.817935 85
4532.817992 86
4532.820440 86
4532.820450 86
4532.820467 87
4532.822811 87
4532.822826 87
4532.822842 88
4532.825258 88
4532.825266 88
4532.825290 89
4532.827772 89
4532.827781 89
4532.827794 90
4532.830410 90
4532.830432 90
4532.830446 91
4532.832775 91
4532.832789 91
4532.832804 92
4532.835339 92
4532.835378 92
4532.835411 93
4532.837856 93
4532.837889 93
4532.837926 94
4532.840080 94
4532.840121 94
4532.840150 95
4532.842651 95
4532.842696 95
4532.842742 96
4532.932286 96
4532.932306 96
4532.932334 97
4532.934745 97
4532.934766 97
4532.934790 98
4532.937283 98
4532.937306 98
4532.937334 99
4532.939753 99
4532.939773 99
4532.939797 100
4532.942166 100
4532.942182 100
4532.942200 101
4532.944285 101
4532.944298 101
4532.944313 102
4532.946862 102
4532.946881 102
4532.946902 103
4532.955732 103
4532.955751 103
4532.955773 104
4532.958185 104
4532.958208 104
4532.958236 105
4533.170827 105
4533.170868 105
4533.170895 106
4533.172973 106
4533.172995 106
4533.173021 107
4533.175620 107
4533.175642 107
4533.175667 108
4533.178019 108
4533.178043 108
4533.178073 109
4533.180596 109
4533.180616 109
4533.180639 110
4533.182746 110
4533.182767 110
4533.182793 111
4533.185190 111
4533.185211 111
4533.185233 112
4533.187903 112
4533.187923 112
4533.187948 113
4533.190195 113
4533.190214 113
4533.190236 114
4533.193010 114
4533.193033 114
4533.193058 115
4533.195172 115
4533.195189 115
4533.195210 116
4533.197807 116
4533.197823 116
4533.197843 117
4533.200186 117
4533.200203 117
4533.200222 118
4533.202864 118
4533.202888 118
4533.202909 119
4533.205306 119
4533.205323 119
4533.205342 120
4533.207871 120
4533.207889 120
4533.207922 121
4533.210242 121
4533.210290 121
4533.210333 122
4533.212828 122
4533.212847 122
4533.212868 123
4533.215197 123
4533.215214 123
4533.215234 124
4533.217501 124
4533.217519 124
4533.217539 125
4533.220088 125
4533.220108 125
4533.220131 126
4533.222537 126
4533.222557 126
4533.222582 127
4533.224987 127
4533.225007 127
4533.225031 128
4533.227562 128
4533.227581 128
4533.227624 129
4533.230136 129
4533.230156 129
4533.230191 130
4533.233898 130
4533.233917 130
4533.233940 131
4533.236217 131
4533.236235 131
4533.236256 132
4533.238890 132
4533.238909 132
4533.238932 133
4533.241235 133
4533.241254 133
4533.241276 134
4533.243882 134
4533.243900 134
4533.243923 135
4533.246234 135
4533.246253 135
4533.246296 136
4533.248854 136
4533.248872 136
4533.248893 137
4533.250994 137
4533.251023 137
4533.251045 138
4533.252377 138
4533.252418 138
4533.252450 139
4533.254871 139
4533.254904 139
4533.254926 140
4533.257411 140
4533.257447 140
4533.257477 141
4533.259909 141
4533.259937 141
4533.259969 142
4533.262388 142
4533.262417 142
4533.262442 143
4533.264895 143
4533.264923 143
4533.264963 144
4533.267280 144
4533.267313 144
4533.267342 145
4533.269790 145
4533.269821 145
4533.269857 146
4533.273532 146
4533.273564 146
4533.273593 147
4533.276034 147
4533.276065 147
4533.276092 148
4533.278518 148
4533.278551 148
4533.278573 149
4533.281033 149
4533.281065 149
4533.281119 150
4533.283285 150
4533.283306 150
4533.283342 151
4533.285780 151
4533.285799 151
4533.285834 152
4533.288286 152
4533.288306 152
4533.288329 153
4533.290789 153
4533.290822 153
4533.290853 154
4533.293268 154
4533.293304 154
4533.293325 155
4533.295777 155
4533.295810 155
4533.295834 156
4533.298282 156
4533.298318 156
4533.298351 157
4533.300780 157
4533.300816 157
4533.300837 158
4533.303286 158
4533.303318 158
4533.303351 159
4533.305808 159
4533.305844 159
4533.305884 160
4533.308286 160
4533.308319 160
4533.308339 161
4533.310783 161
4533.310819 161
4533.310843 162
4533.313308 162
4533.313341 162
4533.313374 163
4533.315802 163
4533.315838 163
4533.315860 164
4533.318082 164
4533.318109 164
4533.318141 165
4533.320549 165
4533.320585 165
4533.320607 166
4533.323058 166
4533.323095 166
4533.323116 167
4533.325605 167
4533.325631 167
4533.325657 168
4533.328064 168
4533.328107 168
4533.328134 169
4533.330568 169
4533.330611 169
4533.330643 170
4533.333131 170
4533.333178 170
4533.333259 171
4533.335590 171
4533.335630 171
4533.335658 172
4533.338108 172
4533.338145 172
4533.338190 173
4533.340478 173
4533.340499 173
4533.340548 174
4533.343243 174
4533.343277 174
4533.343329 175
4533.345600 175
4533.345637 175
4533.345664 176
4533.348097 176
4533.348135 176
4533.348159 177
4533.350335 177
4533.350371 177
4533.350394 178
4533.352924 178
4533.352968 178
4533.352995 179
4533.355388 179
4533.355417 179
4533.355445 180
4533.357935 180
4533.357979 180
4533.358005 181
4533.360419 181
4533.360450 181
4533.360506 182
4533.362919 182
4533.362949 182
4533.362977 183
4533.365364 183
4533.365387 183
4533.365430 184
4533.367922 184
4533.367949 184
4533.367981 185
4533.370440 185
4533.370463 185
4533.370497 186
4533.372947 186
4533.372975 186
4533.373011 187
4533.375361 187
4533.375383 187
4533.375407 188
4533.377996 188
4533.378016 188
4533.378046 189
4533.380471 189
4533.380493 189
4533.380523 190
4533.383089 190
4533.383124 190
4533.383171 191
4533.385143 191
4533.385164 191
4533.385190 192
4533.387707 192
4533.387728 192
4533.387755 193
4533.472280 193
4533.472305 193
4533.472336 194
4533.474673 194
4533.474711 194
4533.474771 195
4533.477271 195
4533.477296 195
4533.477323 196
4533.479643 196
4533.479667 196
4533.479694 197
4533.482254 197
4533.482277 197
4533.482301 198
4533.484747 198
4533.484781 198
4533.484817 199
4533.487266 199
4533.487288 199
4533.487318 200
4533.489391 200
4533.489416 200
4533.489440 201
4533.491991 201
4533.492012 201
4533.492037 202
4533.494499 202
4533.494523 202
4533.494548 203
4533.496992 203
4533.497013 203
4533.497036 204
4533.499373 204
4533.499413 204
4533.499436 205
4533.501870 205
4533.501902 205
4533.501933 206
4533.504385 206
4533.504427 206
4533.504451 207
4533.513326 207
4533.513348 207
4533.513374 208
4533.515727 208
4533.515750 208
4533.515777 209
4533.518211 209
4533.518237 209
4533.518265 210
4533.520660 210
4533.520688 210
4533.520720 211
4533.735431 211
4533.735456 211
4533.735486 212
4533.737946 212
4533.737978 212
4533.738012 213
4533.740548 213
4533.740572 213
4533.740600 214
4533.742928 214
4533.742951 214
4533.742976 215
4533.745636 215
4533.745661 215
4533.745693 216
4533.747906 216
4533.747930 216
4533.747956 217
4533.750475 217
4533.750497 217
4533.750521 218
4533.752810 218
4533.752832 218
4533.752857 219
4533.755201 219
4533.755225 219
4533.755253 220
4533.757835 220
4533.757860 220
4533.757889 221
4533.760342 221
4533.760367 221
4533.760397 222
4533.762839 222
4533.762870 222
4533.762913 223
4533.765221 223
4533.765246 223
4533.765293 224
4533.767719 224
4533.767744 224
4533.767772 225
4533.770339 225
4533.770362 225
4533.770388 226
4533.772840 226
4533.772861 226
4533.772887 227
4533.775228 227
4533.775253 227
4533.775286 228
4533.777757 228
4533.777792 228
4533.777840 229
4533.780237 229
4533.780262 229
4533.780291 230
4533.782768 230
4533.782792 230
4533.782821 231
4533.785016 231
4533.785046 231
4533.785081 232
4533.787523 232
4533.787561 232
4533.787595 233
4533.789990 233
4533.790016 233
4533.790045 234
4533.792657 234
4533.792683 234
4533.792712 235
4533.795233 235
4533.795262 235
4533.795295 236
4533.797548 236
4533.797573 236
4533.797605 237
4533.800000 237
4533.800025 237
4533.800059 238
4533.802500 238
4533.802525 238
4533.802553 239
4533.805026 239
4533.805055 239
4533.805085 240
4533.807502 240
4533.807524 240
4533.807550 241
4533.810001 241
4533.810023 241
4533.810054 242
4533.812506 242
4533.812528 242
4533.812558 243
4533.815150 243
4533.815175 243
4533.815218 244
4533.817278 244
4533.817303 244
4533.817333 245
4533.819719 245
4533.819744 245
4533.819773 246
4533.822276 246
4533.822302 246
4533.822332 247
4533.824780 247
4533.824804 247
4533.824833 248
4533.827281 248
4533.827306 248
4533.827343 249
4533.829664 249
4533.829689 249
4533.829717 250
4533.832281 250
4533.832304 250
4533.832336 251
4533.834724 251
4533.834743 251
4533.834768 252
4533.837226 252
4533.837243 252
4533.837262 253
4533.839741 253
4533.839758 253
4533.839787 254
4533.842266 254
4533.842284 254
4533.842306 255
4533.845009 255
4533.845032 255
4533.845056 256
4533.847246 256
4533.847266 256
4533.847299 257
4533.849515 257
4533.849533 257
4533.849554 258
4533.852024 258
4533.852043 258
4533.852064 259
4533.854570 259
4533.854597 259
4533.854627 260
4533.857173 260
4533.857195 260
4533.857221 261
4533.860801 261
4533.860823 261
4533.860850 262
4533.863308 262
4533.863330 262
4533.863355 263
4533.865805 263
4533.865828 263
4533.865854 264
4533.868284 264
4533.868304 264
4533.868329 265
4533.870713 265
4533.870736 265
4533.870768 266
4533.873458 266
4533.873480 266
4533.873506 267
4533.875803 267
4533.875826 267
4533.875856 268
4533.878474 268
4533.878504 268
4533.878536 269
4533.880828 269
4533.880850 269
4533.880886 270
4533.883199 270
4533.883221 270
4533.883249 271
4533.885584 271
4533.885607 271
4533.885633 272
4533.888106 272
4533.888132 272
4533.888159 273
4533.890552 273
4533.890575 273
4533.890602 274
4533.893081 274
4533.893103 274
4533.893129 275
4533.895618 275
4533.895649 275
4533.895690 276
4533.898033 276
4533.898056 276
4533.898080 277
4533.900561 277
4533.900582 277
4533.900609 278
4533.903087 278
4533.903110 278
4533.903140 279
4533.905717 279
4533.905739 279
4533.905776 280
4533.908041 280
4533.908064 280
4533.908092 281
4533.910571 281
4533.910594 281
4533.910639 282
4533.913036 282
4533.913057 282
4533.913080 283
4533.915302 283
4533.915324 283
4533.915348 284
4533.917739 284
4533.917762 284
4533.917788 285
4533.920365 285
4533.920387 285
4533.920414 286
4533.922866 286
4533.922889 286
4533.922915 287
4533.925298 287
4533.925320 287
4533.925344 288
4533.927860 288
4533.927888 288
4533.927929 289
4533.930338 289
4533.930360 289
4533.930386 290
4533.932870 290
4533.932893 290
4533.932922 291
4533.935381 291
4533.935404 291
4533.935442 292
4533.938043 292
4533.938068 292
4533.938099 293
4533.940374 293
4533.940401 293
4533.940437 294
4533.942805 294
4533.942828 294
4533.942852 295
4533.945377 295
4533.945403 295
4533.945440 296
4533.947953 296
4533.947975 296
4533.948001 297
4533.950108 297
4533.950130 297
4533.950156 298
4533.952771 298
4533.952792 298
4533.952818 299
4533.955152 299
4533.955177 299
4533.955206 300
4533.957640 300
4533.957661 300
4533.957687 301
4533.959994 301
4533.960016 301
4533.960042 302
4533.962638 302
4533.962660 302
4533.962685 303
4533.965156 303
4533.965179 303
4533.965210 304
4533.967660 304
4533.967682 304
4533.967725 305
4533.970183 305
4533.970206 305
4533.970231 306
4533.972662 306
4533.972690 306
4533.972729 307
4533.975170 307
4533.975192 307
4533.975233 308
4533.977658 308
4533.977680 308
4533.977706 309
4533.980117 309
4533.980139 309
4533.980164 310
4533.982265 310
4533.982287 310
4533.982312 311
4533.984949 311
4533.984977 311
4533.985006 312
4533.987281 312
4533.987305 312
4533.987331 313
4533.989862 313
4533.989884 313
4533.989909 314
4533.992238 314
4533.992261 314
4533.992284 315
4533.994959 315
4533.994984 315
4533.995022 316
4533.997317 316
4533.997344 316
4533.997380 317
4533.999937 317
4533.999960 317
4533.999997 318
4534.002324 318
4534.002346 318
4534.002383 319
4534.004886 319
4534.004915 319
4534.004945 320
4534.007325 320
4534.007347 320
4534.007377 321
4534.009823 321
4534.009846 321
4534.009870 322
4534.012303 322
4534.012326 322
4534.012352 323
4534.014578 323
4534.014600 323
4534.014625 324
4534.017208 324
4534.017230 324
4534.017256 325
4534.019712 325
4534.019734 325
4534.019766 326
4534.022214 326
4534.022237 326
4534.022265 327
4534.024737 327
4534.024759 327
4534.024784 328
4534.027253 328
4534.027282 328
4534.027319 329
4534.029769 329
4534.029791 329
4534.029828 330
4534.032070 330
4534.032094 330
4534.032121 331
4534.034726 331
4534.034748 331
4534.034774 332
4534.037263 332
4534.037286 332
4534.037315 333
4534.039643 333
4534.039664 333
4534.039690 334
4534.042309 334
4534.042332 334
4534.042363 335
4534.044762 335
4534.044792 335
4534.044841 336
4534.047024 336
4534.047048 336
4534.047074 337
4534.049527 337
4534.049549 337
4534.049574 338
4534.051971 338
4534.051994 338
4534.052020 339
4534.054485 339
4534.054508 339
4534.054536 340
4534.056894 340
4534.056909 340
4534.056927 341
4534.059563 341
4534.059594 341
4534.059629 342
4534.061967 342
4534.061994 342
4534.062030 343
4534.064557 343
4534.064580 343
4534.064628 344
4534.067015 344
4534.067037 344
4534.067084 345
4534.069549 345
4534.069586 345
4534.069626 346
4534.072062 346
4534.072089 346
4534.072138 347
4534.074521 347
4534.074544 347
4534.074572 348
4534.077000 348
4534.077022 348
4534.077046 349
4534.079335 349
4534.079371 349
4534.079412 350
4534.081655 350
4534.081677 350
4534.084323 350
4534.086591 349
4534.089074 348
4534.091714 347
4534.094208 346
4534.096794 345
4534.099255 344
4534.101753 343
4534.101803 343
4534.101859 344
4534.101898 345
4534.101933 346
4534.101960 347
4534.101989 348
4534.102014 349
4534.102044 350
4534.102075 351
4534.102104 352
4534.102131 353
4534.102149 354
4534.102165 355
4534.102181 356
4534.102196 357
4534.102212 358
4534.102227 359
4534.104173 359
4534.104202 359
4534.104242 360
4534.106699 360
4534.106720 360
4534.106744 361
4534.109322 361
4534.109357 361
4534.109390 362
4534.111731 362
4534.111761 362
4534.111787 363
4534.113957 363
4534.113971 363
4534.113988 364
4534.116360 364
4534.116390 364
4534.116423 365
4534.118874 365
4534.118893 365
4534.118917 366
4534.121413 366
4534.121446 366
4534.121475 367
4534.123884 367
4534.123900 367
4534.123919 368
4534.126472 368
4534.126504 368
4534.126555 369
4534.128965 369
4534.129000 369
4534.129052 370
4534.131402 370
4534.131432 370
4534.131467 371
4534.133915 371
4534.133955 371
4534.133998 372
4534.136406 372
4534.136425 372
4534.136448 373
4534.139015 373
4534.139034 373
4534.139062 374
4534.141481 374
4534.141500 374
4534.141522 375
4534.144956 375
4534.144979 375
4534.145019 376
4534.147494 376
4534.147504 376
4534.147518 377
4534.149915 377
4534.149928 377
4534.149942 378
4534.152461 378
4534.152473 378
4534.152487 379
4534.155123 379
4534.155138 379
4534.155154 380
4534.157415 380
4534.157425 380
4534.157437 381
4534.159928 381
4534.159940 381
4534.159962 382
4534.162486 382
4534.162503 382
4534.162525 383
4534.164885 383
4534.164896 383
4534.164909 384
4534.167380 384
4534.167400 384
4534.167422 385
4534.170072 385
4534.170089 385
4534.170112 386
4534.172403 386
4534.172413 386
4534.172425 387
4534.256875 387
4534.256897 387
4534.256925 388
4534.259485 388
4534.259506 388
4534.259532 389
4534.261895 389
4534.261924 389
4534.261968 390
4534.264369 390
4534.264392 390
4534.264418 391
4534.266873 391
4534.266905 391
4534.266957 392
4534.269278 392
4534.269298 392
4534.269321 393
4534.271966 393
4534.272010 393
4534.272078 394
4534.274313 394
4534.274333 394
4534.274356 395
4534.276846 395
4534.276869 395
4534.276896 396
4534.279372 396
4534.279394 396
4534.279432 397
4534.281602 397
4534.281625 397
4534.281650 398
4534.284079 398
4534.284099 398
4534.284122 399
4534.286576 399
4534.286596 399
4534.286618 400
4534.289146 400
4534.289168 400
4534.289194 401
4534.291646 401
4534.291677 401
4534.291713 402
4534.294115 402
4534.294142 402
4534.294177 403
4534.296589 403
4534.296610 403
4534.296645 404
4534.299155 404
4534.299180 404
4534.299222 405
4534.301747 405
4534.301769 405
4534.301809 406
4534.304099 406
4534.304144 406
4534.304199 407
4534.306691 407
4534.306732 407
4534.306798 408
4534.309054 408
4534.309096 408
4534.309137 409
4534.311620 409
4534.311671 409
4534.311715 410
4534.314043 410
4534.314096 410
4534.314137 411
4534.316495 411
4534.316553 411
4534.316606 412
4534.319035 412
4534.319090 412
4534.319155 413
4534.321549 413
4534.321589 413
4534.321634 414
4534.323937 414
4534.323983 414
4534.324028 415
4534.332670 415
4534.332695 415
4534.332725 416
4534.335017 416
4534.335057 416
4534.335099 417
4534.337653 417
4534.337677 417
4534.337702 418
4534.340086 418
4534.340111 418
4534.340140 419
4534.342637 419
4534.342661 419
4534.342690 420
4534.345011 420
4534.345039 420
4534.345070 421
4534.347553 421
4534.347578 421
4534.347606 422
4534.349931 422
4534.349956 422
4534.349985 423
4534.566146 423
4534.566181 423
4534.566225 424
4534.568491 424
4534.568517 424
4534.568578 425
4534.571138 425
4534.571179 425
4534.571217 426
4534.573638 426
4534.573691 426
4534.573748 427
4534.575941 427
4534.575978 427
4534.576005 428
4534.578615 428
4534.578662 428
4534.578733 429
4534.580733 429
4534.580756 429
4534.580783 430
4534.583360 430
4534.583391 430
4534.583440 431
4534.585742 431
4534.585799 431
4534.585855 432
4534.588424 432
4534.588470 432
4534.588526 433
4534.590762 433
4534.590824 433
4534.590889 434
4534.593371 434
4534.593392 434
4534.593418 435
4534.595732 435
4534.595756 435
4534.595816 436
4534.598378 436
4534.598408 436
4534.598442 437
4534.600740 437
4534.600763 437
4534.600788 438
4534.603225 438
4534.603261 438
4534.603286 439
4534.605731 439
4534.605764 439
4534.605796 440
4534.608253 440
4534.608282 440
4534.608312 441
4534.610723 441
4534.610762 441
4534.610785 442
4534.613019 442
4534.613059 442
4534.613095 443
4534.615633 443
4534.615674 443
4534.615716 444
4534.618025 444
4534.618059 444
4534.618098 445
4534.620635 445
4534.620675 445
4534.620722 446
4534.622999 446
4534.623041 446
4534.623067 447
4534.625627 447
4534.625669 447
4534.625697 448
4534.627998 448
4534.628035 448
4534.628060 449
4534.630613 449
4534.630655 449
4534.630680 450
4534.633162 450
4534.633190 450
4534.633215 451
4534.635731 451
4534.635756 451
4534.635800 452
4534.638085 452
4534.638112 452
4534.638160 453
4534.640659 453
4534.640683 453
4534.640722 454
4534.643049 454
4534.643084 454
4534.643108 455
4534.645307 455
4534.645331 455
4534.645357 456
4534.647795 456
4534.647817 456
4534.647841 457
4534.650436 457
4534.650457 457
4534.650480 458
4534.652843 458
4534.652865 458
4534.652891 459
4534.655417 459
4534.655440 459
4534.655481 460
4534.657815 460
4534.657835 460
4534.657875 461
4534.660461 461
4534.660484 461
4534.660526 462
4534.662792 462
4534.662815 462
4534.662843 463
4534.665425 463
4534.665466 463
4534.665499 464
4534.669120 464
4534.669142 464
4534.669168 465
4534.670303 465
4534.670344 465
4534.670368 466
4534.672795 466
4534.672829 466
4534.672864 467
4534.675372 467
4534.675395 467
4534.675421 468
4534.677745 468
4534.677788 468
4534.677815 469
4534.680126 469
4534.680171 469
4534.680198 470
4534.682674 470
4534.682695 470
4534.682719 471
4534.685066 471
4534.685104 471
4534.685130 472
4534.687756 472
4534.687800 472
4534.687835 473
4534.690212 473
4534.690234 473
4534.690275 474
4534.692699 474
4534.692722 474
4534.692765 475
4534.695220 475
4534.695258 475
4534.695285 476
4534.697647 476
4534.697688 476
4534.697715 477
4534.700137 477
4534.700170 477
4534.700202 478
4534.702735 478
4534.702775 478
4534.702822 479
4534.705246 479
4534.705278 479
4534.705333 480
4534.707762 480
4534.707806 480
4534.707843 481
4534.710152 481
4534.710200 481
4534.710236 482
4534.713637 482
4534.713657 482
4534.713680 483
4534.716207 483
4534.716229 483
4534.716255 484
4534.718577 484
4534.718622 484
4534.718651 485
4534.721144 485
4534.721186 485
4534.721233 486
4534.723657 486
4534.723685 486
4534.723720 487
4534.726374 487
4534.726399 487
4534.726442 488
4534.728710 488
4534.728733 488
4534.728773 489
4534.731216 489
4534.731238 489
4534.731272 490
4534.733608 490
4534.733653 490
4534.733676 491
4534.736112 491
4534.736158 491
4534.736191 492
4534.738876 492
4534.738900 492
4534.738939 493
4534.741137 493
4534.741174 493
4534.741200 494
4534.743386 494
4534.743409 494
4534.743435 495
4534.745914 495
4534.745955 495
4534.745985 496
4534.748399 496
4534.748423 496
4534.748454 497
4534.750813 497
4534.750835 497
4534.750861 498
4534.753580 498
4534.753619 498
4534.753653 499
4534.755906 499
4534.755928 499
4534.755953 500
4534.758389 500
4534.758411 500
4534.758478 501
4534.760891 501
4534.760912 501
4534.760947 502
4534.763403 502
4534.763442 502
4534.763475 503
4534.766069 503
4534.766095 503
4534.766127 504
4534.768386 504
4534.768405 504
4534.768428 505
4534.770884 505
4534.770904 505
4534.770971 506
4534.773388 506
4534.773401 506
4534.773420 507
4534.775659 507
4534.775668 507
4534.775679 508
4534.778155 508
4534.778164 508
4534.778175 509
4534.780617 509
4534.780626 509
4534.780637 510
4534.783202 510
4534.783215 510
4534.783226 511
4534.785654 511
4534.785670 511
4534.785681 512
4534.788116 512
4534.788134 512
4534.788146 513
4534.790490 513
4534.790499 513
4534.790509 514
4534.793116 514
4534.793130 514
4534.793143 515
4534.795750 515
4534.795761 515
4534.795774 516
4534.798120 516
4534.798132 516
4534.798145 517
4534.800500 517
4534.800509 517
4534.800525 518
4534.802999 518
4534.803007 518
4534.803017 519
4534.805774 519
4534.805798 519
4534.805818 520
4534.808130 520
4534.808141 520
4534.808156 521
4534.810390 521
4534.810405 521
4534.810422 522
4534.812796 522
4534.812808 522
4534.812822 523
4534.816648 523
4534.816660 523
4534.816677 524
4534.817870 524
4534.817884 524
4534.817891 525
4534.821667 525
4534.821687 525
4534.821700 526
4534.822919 526
4534.822927 526
4534.822944 527
4534.825277 527
4534.825293 527
4534.825304 528
4534.827880 528
4534.827886 528
4534.827904 529
4534.830559 529
4534.830568 529
4534.830583 530
4534.834037 530
4534.834045 530
4534.834062 531
4534.836795 531
4534.836804 531
4534.836821 532
4534.839232 532
4534.839243 532
4534.839257 533
4534.841446 533
4534.841456 533
4534.841469 534
4534.843917 534
4534.843926 534
4534.843941 535
4534.846478 535
4534.846490 535
4534.846504 536
4534.848825 536
4534.848835 536
4534.848852 537
4534.851425 537
4534.851434 537
4534.851450 538
4534.853952 538
4534.853970 538
4534.853999 539
4534.856485 539
4534.856525 539
4534.856561 540
4534.858992 540
4534.859015 540
4534.859050 541
4534.861616 541
4534.861639 541
4534.861672 542
4534.864076 542
4534.864102 542
4534.864158 543
4534.866684 543
4534.866703 543
4534.866725 544
4534.869096 544
4534.869134 544
4534.869196 545
4534.871640 545
4534.871676 545
4534.871739 546
4534.873965 546
4534.873994 546
4534.874033 547
4534.876328 547
4534.876350 547
4534.876376 548
4534.878981 548
4534.879005 548
4534.879034 549
4534.881273 549
4534.881295 549
4534.881321 550
4534.883953 550
4534.883974 550
4534.884000 551
4534.886333 551
4534.886355 551
4534.886385 552
4534.888760 552
4534.888779 552
4534.888802 553
4534.891245 553
4534.891262 553
4534.891280 554
4534.893837 554
4534.893862 554
4534.893887 555
4534.896299 555
4534.896320 555
4534.896344 556
4534.898847 556
4534.898869 556
4534.898905 557
4534.901356 557
4534.901378 557
4534.901414 558
4534.903999 558
4534.904021 558
4534.904046 559
4534.906367 559
4534.906391 559
4534.906429 560
4534.908610 560
4534.908634 560
4534.908659 561
4534.911074 561
4534.911111 561
4534.911149 562
4534.913748 562
4534.913770 562
4534.913808 563
4534.916085 563
4534.916123 563
4534.916166 564
4534.918425 564
4534.918447 564
4534.918471 565
4534.921090 565
4534.921130 565
4534.921168 566
4534.923665 566
4534.923687 566
4534.923714 567
4534.926168 567
4534.926190 567
4534.926236 568
4534.928682 568
4534.928709 568
4534.928747 569
4534.930935 569
4534.930969 569
4534.931003 570
4534.933671 570
4534.933691 570
4534.933719 571
4534.936134 571
4534.936154 571
4534.936178 572
4534.938748 572
4534.938770 572
4534.938825 573
4534.940741 573
4534.940777 573
4534.940831 574
4534.943363 574
4534.943385 574
4534.943411 575
4534.945955 575
4534.945983 575
4534.946014 576
4534.948444 576
4534.948468 576
4534.948496 577
4534.950847 577
4534.950870 577
4534.950911 578
4534.953416 578
4534.953440 578
4534.953476 579
4534.955913 579
4534.955965 579
4534.955997 580
4534.958415 580
4534.958437 580
4534.958464 581
4534.960901 581
4534.960922 581
4534.960958 582
4534.963457 582
4534.963497 582
4534.963565 583
4534.965907 583
4534.965951 583
4534.966002 584
4534.968383 584
4534.968404 584
4534.968428 585
4534.970874 585
4534.970895 585
4534.970919 586
4534.973381 586
4534.973432 586
4534.973465 587
4534.975456 587
4534.975470 587
4534.975488 588
4534.978052 588
4534.978074 588
4534.978101 589
4534.980618 589
4534.980638 589
4534.980668 590
4534.983037 590
4534.983057 590
4534.983081 591
4534.985584 591
4534.985617 591
4534.985670 592
4534.988113 592
4534.988147 592
4534.988167 593
4534.990669 593
4534.990691 593
4534.990740 594
4534.993069 594
4534.993101 594
4534.993146 595
4534.995516 595
4534.995554 595
4534.995597 596
4534.997971 596
4534.997989 596
4534.998009 597
4535.003117 596
4535.003140 596
4535.003180 597
4535.003207 598
4535.003224 599
4535.007771 598
4535.007810 598
4535.007846 599
4535.007885 600
4535.007910 601
4535.012796 600
4535.012820 600
4535.012846 601
4535.012862 602
4535.012877 603
4535.017772 602
4535.017791 602
4535.017842 603
4535.017869 604
4535.017911 605
4535.022883 604
4535.022919 604
4535.022955 605
4535.022992 606
4535.023027 607
4535.028026 606
4535.028046 606
4535.028070 607
4535.028085 608
4535.028099 609
4535.032907 608
4535.032947 608
4535.033005 609
4535.033043 610
4535.033077 611
4535.037785 610
4535.037804 610
4535.037828 611
4535.037843 612
4535.037857 613
4535.042681 612
4535.042713 612
4535.042750 613
4535.042779 614
4535.042809 615
4535.047533 614
4535.047552 614
4535.047572 615
4535.047586 616
4535.047599 617
4535.052697 616
4535.052728 616
4535.052784 617
4535.052829 618
4535.052857 619
4535.057588 618
4535.057625 618
4535.057675 619
4535.057706 620
4535.057732 621
4535.062568 620
4535.062601 620
4535.062642 621
4535.062672 622
4535.062700 623
4535.067581 622
4535.067622 622
4535.067665 623
4535.067705 624
4535.067739 625
4535.072579 624
4535.072619 624
4535.072671 625
4535.072701 626
4535.072735 627
4535.077362 626
4535.077387 626
4535.077409 627
4535.077423 628
4535.077439 629
4535.082331 628
4535.082349 628
4535.082371 629
4535.082385 630
4535.082398 631
4535.087342 630
4535.087372 630
4535.087412 631
4535.087457 632
4535.087494 633
4535.092364 632
4535.092405 632
4535.092459 633
4535.092498 634
4535.092533 635
4535.097346 634
4535.097383 634
4535.097415 635
4535.097431 636
4535.097475 637
4535.102349 636
4535.102385 636
4535.102407 637
4535.102421 638
4535.102465 639
4535.107424 638
4535.107458 638
4535.107492 639
4535.107510 640
4535.107528 641
4535.112168 640
4535.112208 640
4535.112232 641
4535.112246 642
4535.112263 643
4535.117316 642
4535.117361 642
4535.117388 643
4535.117404 644
4535.117420 645
4535.122333 644
4535.122377 644
4535.122416 645
4535.122451 646
4535.122474 647
4535.127269 646
4535.127293 646
4535.127319 647
4535.127335 648
4535.127350 649
4535.132260 648
4535.132283 648
4535.132307 649
4535.132324 650
4535.132339 651
4535.137208 650
4535.137247 650
4535.137273 651
4535.137288 652
4535.137305 653
4535.141908 652
4535.141949 652
4535.141973 653
4535.141988 654
4535.142003 655
4535.148253 654
4535.148275 654
4535.148299 655
4535.148314 656
4535.148329 657
4535.153220 656
4535.153242 656
4535.153267 657
4535.153283 658
4535.153298 659
4535.158169 658
4535.158201 658
4535.158227 659
4535.158243 660
4535.158258 661
4535.163169 660
4535.163200 660
4535.163225 661
4535.163240 662
4535.163255 663
4535.168181 662
4535.168211 662
4535.168258 663
4535.168288 664
4535.168319 665
4535.173140 664
4535.173161 664
4535.173187 665
4535.173205 666
4535.173221 667
4535.177931 666
4535.183074 664
4535.188093 662
4535.192976 660
4535.197984 658
4535.203135 656
4535.207914 654
4535.212902 652
4535.217870 650
4535.222900 648
4535.227856 646
4535.232861 644
4535.237478 642
4535.242513 640
4535.247544 638
4535.252542 636
4535.257557 634
4535.281072 632
4535.286240 630
4535.290113 630
4535.290153 631
4535.290183 632
4535.290234 633
4535.290267 634
4535.290297 635
4535.290351 636
4535.290386 637
4535.290416 638
4535.290478 639
4535.290512 640
4535.290543 641
4535.290596 642
4535.290628 643
4535.290663 644
4535.290705 645
4535.290740 646
4535.290779 647
4535.290809 648
4535.290860 649
4535.290896 650
4535.290925 651
4535.291006 652
4535.291050 653
4535.291080 654
4535.291122 655
4535.291152 656
4535.291196 657
4535.291226 658
4535.291268 659
4535.291298 660
4535.291339 661
4535.291384 662
4535.291418 663
4535.291464 664
4535.291487 665
4535.291503 666
4535.291514 667
4535.291532 668
4535.291543 669
4535.291557 670
4535.291572 671
4535.291583 672
4535.291601 673
4535.291614 674
4535.291625 675
4535.291643 676
4535.291656 677
4535.291669 678
4535.291684 679
4535.291698 680
4535.291711 681
4535.291728 682
4535.291739 683
4535.291753 684
4535.291767 685
4535.291780 686
4535.291793 687
4535.291809 688
4535.291821 689
4535.291838 690
4535.291850 691
4535.291863 692
4535.291878 693
4535.291888 694
4535.291909 695
4535.291920 696
4535.291934 697
4535.291949 698
4535.291961 699
4535.292002 698
4535.292066 698
4535.292080 699
4535.292094 700
4535.292108 701
4535.292119 702
4535.292136 703
4535.292147 704
4535.292162 705
4535.292176 706
4535.292187 707
4535.296072 706
4535.296085 706
4535.296100 707
4535.296109 708
4535.296115 709
4535.300869 708
4535.300878 708
4535.300892 709
4535.300900 710
4535.300906 711
4535.305806 710
4535.305817 710
4535.305830 711
4535.305838 712
4535.305845 713
4535.310853 712
4535.310869 712
4535.310890 713
4535.310903 714
4535.310916 715
4535.315772 714
4535.315781 714
4535.315791 715
4535.315797 716
4535.315803 717
4535.320840 716
4535.320849 716
4535.320862 717
4535.320868 718
4535.320874 719
4535.325806 718
4535.325821 718
4535.325833 719
4535.325850 720
4535.325857 721
4535.330828 720
4535.330849 720
4535.330872 721
4535.330886 722
4535.330899 723
4535.335601 722
4535.335611 722
4535.335623 723
4535.335630 724
4535.335636 725
4535.340548 724
4535.340557 724
4535.340568 725
4535.340576 726
4535.340582 727
4535.345608 726
4535.345621 726
4535.345633 727
4535.345640 728
4535.345646 729
4535.350607 728
4535.350617 728
4535.350628 729
4535.350635 730
4535.350641 731
4535.355692 730
4535.355700 730
4535.355710 731
4535.355717 732
4535.355726 733
4535.360701 732
4535.360710 732
4535.360720 733
4535.360726 734
4535.360733 735
4535.365324 734
4535.365332 734
4535.365342 735
4535.365348 736
4535.365354 737
4535.370338 736
4535.370347 736
4535.370359 737
4535.370367 738
4535.370374 739
4535.375462 738
4535.375473 738
4535.375484 739
4535.375492 740
4535.375502 741
4535.380492 740
4535.380507 740
4535.380524 741
4535.380535 742
4535.380545 743
4535.385416 742
4535.385448 742
4535.385489 743
4535.385527 744
4535.385553 745
4535.390548 744
4535.390591 744
4535.390638 745
4535.390676 746
4535.390711 747
4535.395152 746
4535.395175 746
4535.395202 747
4535.395219 748
4535.395243 749
4535.400458 748
4535.400482 748
4535.400510 749
4535.400527 750
4535.400544 751
4535.405164 750
4535.405188 750
4535.405224 751
4535.405244 752
4535.405261 753
4535.410246 752
4535.410269 752
4535.410297 753
4535.410312 754
4535.410327 755
4535.415161 754
4535.415183 754
4535.415208 755
4535.415224 756
4535.415239 757
4535.420152 756
4535.420171 756
4535.420194 757
4535.420209 758
4535.420224 759
4535.425174 758
4535.425195 758
4535.425220 759
4535.425235 760
4535.425252 761
4535.430082 760
4535.430106 760
4535.430131 761
4535.430154 762
4535.430174 763
4535.435103 762
4535.435152 762
4535.435199 763
4535.435231 764
4535.435264 765
4535.440120 764
4535.440165 764
4535.440226 765
4535.440265 766
4535.440292 767
4535.445072 766
4535.445094 766
4535.445128 767
4535.445150 768
4535.445164 769
4535.450130 768
4535.450154 768
4535.450180 769
4535.450197 770
4535.450211 771
4535.454967 770
4535.455004 770
4535.455065 771
4535.455092 772
4535.455142 773
4535.459748 772
4535.459785 772
4535.459832 773
4535.459866 774
4535.459901 775
4535.529326 774
4535.529361 774
4535.529404 775
4535.529436 776
4535.529466 777
4535.534501 776
4535.534535 776
4535.534599 777
4535.534636 778
4535.534680 779
4535.539450 778
4535.539489 778
4535.539543 779
4535.539588 780
4535.539622 781
4535.544458 780
4535.544489 780
4535.544529 781
4535.544555 782
4535.544602 783
4535.549435 782
4535.549483 782
4535.549530 783
4535.549577 784
4535.549621 785
4535.554091 784
4535.554120 784
4535.554160 785
4535.554188 786
4535.554232 787
4535.559159 786
4535.559192 786
4535.559231 787
4535.559285 788
4535.559324 789
4535.565322 788
4535.565343 788
4535.565368 789
4535.565383 790
4535.565398 791
4535.570457 790
4535.570489 790
4535.570542 791
4535.570577 792
4535.570622 793
4535.575356 792
4535.575404 792
4535.575464 793
4535.575500 794
4535.575537 795
4535.580428 794
4535.580460 794
4535.580515 795
4535.580574 796
4535.580623 797
4535.585078 796
4535.585096 796
4535.585117 797
4535.585131 798
4535.585146 799
4535.590109 798
4535.590144 798
4535.590166 799
4535.590182 800
4535.590236 801
4535.595440 800
4535.595463 800
4535.595486 801
4535.595502 802
4535.595544 803
4535.600243 802
4535.600268 802
4535.600302 803
4535.600323 804
4535.600341 805
4535.605197 804
4535.610307 802
4535.615165 800
4535.619883 798
4535.624970 796
4535.629912 794
4535.635076 792
4535.639924 790
4535.645030 788
4535.649771 786
4535.654773 784
4535.659814 782
4535.664820 780
4535.676101 778
4535.680974 776
4535.685975 774
4535.690875 772
4535.695742 770
4535.700745 768
4535.705763 766
4535.710946 764
4535.930532 762
4535.935503 760
4535.940505 758
4535.945503 756
4535.950362 754
4535.955419 752
4535.960367 750
4535.965560 748
4535.970278 746
4535.975249 744
4535.980281 742
4535.985039 740
4535.990018 738
4535.994999 736
4536.000038 734
4536.005209 732
4536.010088 730
4536.014941 728
4536.019871 726
4536.024845 724
4536.029936 722
4536.034858 720
4536.039860 718
4536.044867 716
4536.049623 714
4536.054751 712
4536.059750 710
4536.064778 708
4536.069722 706
4536.074785 704
4536.079570 702
4536.084387 700
4536.089440 698
4536.094547 696
4536.099552 694
4536.104541 692
4536.109481 690
4536.114332 688
4536.119335 686
4536.124344 684
4536.129219 682
4536.135463 680
4536.140542 678
4536.145256 676
4536.150224 674
4536.155380 672
4536.160185 670
4536.165204 668
4536.170200 666
4536.175063 664
4536.180028 662
4536.184952 660
4536.191227 658
4536.196245 656
4536.201235 654
4536.206267 652
4536.211022 650
4536.216012 648
4536.219912 646
4536.224777 644
4536.231349 642
4536.236079 640
4536.240808 638
4536.245805 636
4536.251002 634
4536.255872 632
4536.260885 630
4536.265893 628
4536.270646 626
4536.275653 624
4536.280680 622
4536.285661 620
4536.290677 618
4536.295795 616
4536.300803 614
4536.305557 612
4536.310560 610
4536.315574 608
4536.320567 606
4536.325578 604
4536.330613 602
4536.335587 600
4536.340340 598
4536.345347 596
4536.350473 594
4536.355482 592
4536.360482 590
4536.365494 588
4536.370125 586
4536.375139 584
4536.382279 582
4536.385804 580
4536.386725 580
4536.386746 581
4536.386764 582
4536.386785 583
4536.386804 584
4536.386823 585
4536.386842 586
4536.386855 587
4536.386865 588
4536.386874 589
4536.386884 590
4536.386894 591
4536.386904 592
4536.386914 593
4536.386923 594
4536.386933 595
4536.386943 596
4536.386952 597
4536.386962 598
4536.386972 599
4536.386990 600
4536.387009 601
4536.387035 602
4536.390104 603
4536.390114 604
4536.390120 605
4536.390126 606
4536.390131 607
4536.390138 608
4536.390149 607
4536.394843 607
4536.394850 608
4536.394856 609
4536.394862 610
4536.394868 611
4536.394878 610
4536.399975 610
4536.399982 611
4536.399988 612
4536.399994 613
4536.400000 614
4536.400010 613
4536.404712 613
4536.404737 614
4536.404746 615
4536.404755 616
4536.404764 617
4536.404780 616
4536.409629 616
4536.409641 617
4536.409647 618
4536.409654 619
4536.409660 620
4536.409667 621
4536.409679 620
4536.414715 620
4536.414728 621
4536.414735 622
4536.414746 623
4536.414758 624
4536.414777 623
4536.419670 623
4536.419688 624
4536.419702 625
4536.419727 626
4536.419738 627
4536.419772 626
4536.424737 626
4536.424782 627
4536.424807 628
4536.424825 629
4536.424857 628
4536.431069 628
4536.431082 629
4536.431103 628
4536.435913 628
4536.435926 629
4536.435947 628
4536.440740 626
4536.445744 624
4536.450745 622
4536.455708 620
4536.460728 618
4536.465757 616
4536.470667 614
4536.475500 612
4536.480583 610
4536.485368 608
4536.490431 606
4536.495426 604
4536.500411 602
4536.505176 600
4536.510156 598
4536.515288 596
4536.520314 594
4536.525128 592
4536.530342 590
4536.535279 588
4536.540049 586
4536.544927 584
4536.549911 582
4536.555033 580
4536.560047 578
4536.564997 576
4536.570137 574
4536.574791 572
4536.579767 570
4536.586107 568
4536.591013 566
4536.596084 564
4536.601086 562
4536.606118 560
4536.610873 558
4536.615965 556
4536.620842 554
4536.625865 552
4536.631012 550
4536.636035 548
4536.640543 546
4536.645783 544
4536.650833 542
4536.655657 540
4536.660671 538
4536.665614 536
4536.670611 534
4536.675601 532
4536.680482 530
4536.685324 528
4536.690480 526
4536.695509 524
4536.700296 522
4536.705463 520
4536.710110 518
4536.715139 516
4536.720122 514
4536.725075 512
4536.730234 510
4536.735139 508
4536.740124 506
4536.745013 504
4536.749938 502
4536.754936 500
4536.759974 498
4536.764864 496
4536.769859 494
4536.774978 492
4536.779925 490
4536.784637 488
4536.789648 486
4536.794623 484
4536.802194 482
4536.807096 480
4536.812116 478
4536.816975 476
4536.821940 474
4536.826981 472
4536.831919 470
4536.837027 468
4536.841940 466
4536.847035 464
4536.851733 462
4536.856783 460
4536.861729 458
4536.866765 456
4536.871798 454
4536.876698 452
4536.881607 450
4536.886480 448
4536.891467 446
4536.896475 444
4536.901482 442
4536.906504 440
4536.911468 438
4536.916186 436
4536.921147 434
4536.926160 432
4536.931058 430
4536.936162 428
4536.941208 426
4536.946093 424
4536.951039 422
4536.956014 420
4536.961023 418
4536.966108 416
4536.971036 414
4536.976200 412
4536.981189 410
4536.985913 408
4536.990917 406
4536.995789 404
4537.000830 402
4537.005777 400
4537.010724 398
4537.015595 396
4537.020641 394
4537.025627 392
4537.030639 390
4537.035637 388
4537.040547 386
4537.046771 384
4537.051652 382
4537.056536 380
4537.061578 378
4537.066501 376
4537.071582 374
4537.076629 372
4537.080472 370
4537.085181 368
4537.091522 366
4537.096446 364
4537.101520 362
4537.106318 360
4537.111299 358
4537.116247 356
4537.121229 354
4537.127411 352
4537.132474 350
4537.137362 348
4537.142326 346
4537.147498 344
4537.155657 344
4537.155682 345
4537.155705 346
4537.155728 347
4537.168034 348
4537.168042 349
4537.168048 350
4537.168054 351
4537.168060 352
4537.168066 353
4537.168073 354
4537.168079 355
4537.168085 356
4537.168091 357
4537.168097 358
4537.168104 359
4537.168110 360
4537.168116 361
4537.168122 362
4537.168128 363
4537.168135 364
4537.168141 365
4537.168147 366
4537.168153 367
4537.168159 368
4537.168165 369
4537.168171 370
4537.168177 371
4537.168183 372
4537.168189 373
4537.168195 374
4537.168201 375
4537.168208 376
4537.168214 377
4537.168220 378
4537.168226 379
4537.168232 380
4537.168238 381
4537.168244 382
4537.168250 383
4537.168256 384
4537.168262 385
4537.168268 386
4537.168276 387
4537.168282 388
4537.168288 389
4537.168295 390
4537.168301 391
4537.168307 392
4537.168313 393
4537.168319 394
4537.168325 395
4537.261472 395
4537.266514 393
4537.271552 391
4537.276512 389
4537.281362 387
4537.286206 385
4537.291256 383
4537.296582 381
4537.301426 379
4537.306479 377
4537.311125 375
4537.316099 373
4537.322484 371
4537.327324 369
4537.332335 367
4537.337302 365
4537.342091 363
4537.347182 361
4537.350809 359
4537.355860 357
4537.362199 355
4537.365945 353
4537.372230 351
4537.377192 349
4537.382111 347
4537.387070 345
4537.391925 343
4537.396866 341
4537.401888 339
4537.407001 337
4537.412006 335
4537.416984 333
4537.421668 331
4537.426768 329
4537.431633 327
4537.436638 325
4537.441642 323
4537.446670 321
4537.451408 319
4537.456470 317
4537.461398 315
4537.466414 313
4537.471580 311
4537.476461 309
4537.481592 307
4537.486143 305
4537.491225 303
4537.496266 301
4537.501082 299
4537.506241 297
4537.511290 295
4537.516251 293
4537.521070 291
4537.526025 289
4537.531125 287
4537.536027 285
4537.541164 283
4537.546043 281
4537.551194 279
4537.555733 277
4537.560829 275
4537.565858 273
4537.570903 271
4537.575865 269
4537.581185 267
4537.585920 265
4537.591405 263
4537.595645 261
4537.600856 259
4537.605725 257
4537.610828 255
4537.615688 253
4537.621016 251
4537.625660 249
4537.630816 247
4537.635592 245
4537.640886 243
4537.645779 241
4537.650620 239
4537.655737 237
4537.660591 235
4537.665262 233
4537.670373 231
4537.675338 229
4537.680444 227
4537.685418 225
4537.690447 223
4537.695373 221
4537.700235 219
4537.705261 217
4537.710217 215
4537.715203 213
4537.720251 211
4537.725175 209
4537.730302 207
4537.734794 205
4537.739992 203
4537.744774 201
4537.749939 199
4537.754760 197
4537.759960 195
4537.764794 193
4537.769735 191
4537.774546 189
4537.779750 187
4537.784673 185
4537.789743 183
4537.794569 181
4537.800090 179
4537.804339 177
4537.809326 175
4537.814378 173
4537.819374 171
4537.824269 169
4537.829470 167
4537.834309 165
4537.840461 163
4537.844079 161
4537.849071 159
4537.854218 157
4537.859051 155
4537.864151 153
4537.869139 151
4537.874007 149
4537.880102 147
4537.885254 145
4537.890182 143
4537.895172 141
4537.900101 139
4537.904909 137
4537.909914 135
4537.914815 133
4537.919923 131
4537.924951 129
4537.928773 127
4537.934935 125
4537.939641 123
4537.944695 121
4537.971305 121
4537.971316 122
4537.971327 123
4537.971336 124
4537.971346 125
4537.971356 126
4537.971366 127
4537.971375 128
4537.971385 129
4537.971395 130
4537.971405 131
4537.971418 132
4537.971436 133
4537.971456 134
4537.971475 135
4537.971494 136
4537.971514 137
4537.971527 138
4537.971537 139
4537.971547 140
4537.971557 141
4537.971567 142
4537.971576 143
4537.971587 144
4537.971596 145
4537.971606 146
4537.971616 147
4537.971626 148
4537.971636 149
4537.971645 150
4537.971655 151
4537.971672 152
4537.971691 153
4537.971709 154
4537.971728 155
4537.971746 156
4537.971764 157
4537.971777 158
4537.971788 159
4537.971797 160
4537.971807 161
4537.971816 162
4537.971826 163
4537.971836 164
4537.971846 165
4537.971856 166
4537.971865 167
4537.971875 168
4537.971885 169
4537.971895 170
4537.971912 171
4537.971931 172
4537.971949 173
4537.971968 174
4537.972022 175
4537.972031 176
4537.972042 177
4537.972051 178
4537.972061 179
4537.972071 180
4537.972081 181
4537.972091 182
4537.972100 183
4537.972110 184
4537.972119 185
4537.972133 186
4537.972148 187
4537.972168 188
4537.972187 189
4537.972205 190
4537.972225 191
4537.972243 192
4537.972257 193
4537.972267 194
4537.972276 195
4537.972286 196
4537.972296 197
4537.972305 198
4537.972315 199
4537.972325 200
4537.972334 201
4537.972344 202
4537.972354 203
4537.972364 204
4537.972373 205
4537.972389 206
4537.972409 207
4537.972427 208
4537.972446 209
4537.972465 210
4537.972484 211
4537.972496 212
4537.972506 213
4537.972515 214
4537.972525 215
4537.972535 216
4537.972545 217
4537.972555 218
4537.972565 219
4537.972574 220
4537.972584 221
4537.972593 222
4537.972604 223
4537.972615 224
4537.972635 225
4537.972654 226
4537.972672 227
4537.972691 228
4537.972710 229
4537.972726 230
4537.972736 231
4537.972746 232
4537.972756 233
4537.972765 234
4537.972775 235
4537.972785 236
4537.972795 237
4537.972805 238
4537.972814 239
4537.972824 240
4537.972834 241
4537.972844 242
4537.972859 243
4537.972879 244
4537.972897 245
4537.972916 246
4537.972936 247
4537.972955 248
4537.972967 249
4537.972977 250
4537.972987 251
4537.972997 252
4537.973006 253
4537.973017 254
4537.973027 255
4537.973036 256
4537.973046 257
4537.973056 258
4537.973066 259
4537.973076 260
4537.973085 261
4537.973104 262
4537.973123 263
4537.973148 264
4537.973168 265
4537.973218 266
4537.973228 267
4537.973238 268
4537.973248 269
4537.973258 270
4537.973268 271
4537.973278 272
4537.973287 273
4537.973297 274
4537.973307 275
4537.973317 276
4537.973326 277
4537.973346 278
4537.973365 279
4537.973391 280
4537.973410 281
4537.973428 282
4537.973442 283
4537.973453 284
4537.973462 285
4537.973475 286
4537.973487 287
4537.973497 288
4537.973507 289
4537.973518 290
4537.973530 291
4537.973540 292
4537.973550 293
4537.973561 294
4537.973577 295
4537.973597 296
4537.973617 297
4537.973636 298
4537.973656 299
4537.973675 300
4537.973689 301
4537.973699 302
4537.973709 303
4537.973721 304
4537.973731 305
4537.973741 306
4537.973751 307
4537.973761 308
4537.973770 309
4537.973781 310
4537.973792 311
4537.973802 312
4537.973819 313
4537.973839 314
4537.973860 315
4537.973878 316
4537.973898 317
4537.973917 318
4537.973927 319
4537.973939 320
4537.973950 321
4537.973960 322
4537.973970 323
4537.973982 324
4537.973993 325
4537.974003 326
4537.974013 327
4537.974024 328
4537.974034 329
4537.974044 330
4537.974063 331
4537.974082 332
4537.974102 333
4537.974121 334
4537.974148 335
4537.974172 336
4537.974185 337
4537.974197 338
4537.974206 339
4537.974216 340
4537.974228 341
4537.974239 342
4537.974249 343
4537.974259 344
4537.974270 345
4537.974282 346
4537.974292 347
4537.974302 348
4537.974322 349
4537.974340 350
4537.974360 351
4537.974378 352
4537.974398 353
4537.974417 354
4537.974430 355
4537.974441 356
4537.974484 357
4537.974494 358
4537.974504 359
4537.974515 360
4537.974527 361
4537.974537 362
4537.974547 363
4537.974566 364
4537.974584 365
4537.974604 366
4537.974623 367
4537.974643 368
4537.974661 369
4537.974671 370
4537.974681 371
4537.974690 372
4537.974700 373
4537.974710 374
4537.974720 375
4537.974730 376
4537.974740 377
4537.974749 378
4537.974759 379
4537.974769 380
4537.974779 381
4537.974791 382
4537.974811 383
4537.974830 384
4537.974849 385
4537.974869 386
4537.974887 387
4537.974901 388
4537.974912 389
4537.974922 390
4537.974929 391
4537.974938 392
4537.974948 393
4537.974959 394
4537.974969 395
4537.974979 396
4537.974988 397
4537.974998 398
4537.975007 399
4537.975017 400
4537.975027 401
4537.975037 402
4537.975056 403
4537.975075 404
4537.975094 405
4537.975114 406
4537.975136 407
4537.975153 408
4537.975163 409
4537.975174 410
4537.975184 411
4537.975193 412
4537.975203 413
4537.975213 414
4537.975223 415
4537.975233 416
4537.975242 417
4537.975253 418
4537.975263 419
4537.975273 420
4537.975289 421
4537.975308 422
4537.975327 423
4537.975346 424
4537.975366 425
4537.975385 426
4537.975396 427
4537.975406 428
4537.975415 429
4537.975425 430
4537.975435 431
4537.975444 432
4537.975455 433
4537.975465 434
4537.975475 435
4537.975485 436
4537.975495 437
4537.975505 438
4537.975515 439
4537.975531 440
4537.975549 441
4537.975569 442
4537.975587 443
4537.975606 444
4537.975626 445
4537.975637 446
4537.975674 447
4537.975683 448
4537.975694 449
4537.975704 450
4537.975714 451
4537.975723 452
4537.975733 453
4537.975742 454
4537.975752 455
4537.975769 456
4537.975788 457
4537.975806 458
4537.975825 459
4537.975843 460
4537.975862 461
4537.975874 462
4537.975884 463
4537.975894 464
4537.975904 465
4537.975914 466
4537.975924 467
4537.975935 468
4537.975944 469
4537.975954 470
4537.975963 471
4537.975973 472
4537.986810 472
4537.986819 472
4537.986829 473
4538.707253 473
4538.709785 472
4538.712130 471
4538.714338 470
4538.716761 469
4538.719369 468
4538.721919 467
4538.724379 466
4538.726905 465
4538.729411 464
4538.731930 463
4538.734379 462
4538.736737 461
4538.739479 460
4538.741811 459
4538.744436 458
4538.749184 456
4538.755328 454
4538.760449 452
4538.765496 450
4538.770480 448
4538.775434 446
4538.780171 444
4538.785240 442
4538.790144 440
4538.793892 438
4538.799046 436
4538.805309 434
4538.810295 432
4538.814987 430
4538.819995 428
4538.825123 426
4538.829931 424
4538.834979 422
4538.839982 420
4538.844897 418
4538.849798 416
4538.854774 414
4538.859756 412
4538.864709 410
4538.869682 408
4538.875367 406
4539.331760 405
4539.332869 404
4539.334318 403
4539.335384 402
4539.336769 401
4539.338018 400
4539.339237 399
4539.340394 398
4539.341558 397
4539.342772 396
4539.344021 395
4539.345279 394
4539.346334 393
4539.347749 392
4539.349034 391
4539.350251 390
4539.352687 388
4539.355283 386
4539.357831 384
4539.360288 382
4539.362793 380
4539.365364 378
4539.367828 376
4539.370326 374
4539.372654 372
4539.375090 370
4539.377409 368
4539.380061 366
4539.382475 364
4539.385063 362
4539.387299 360
4539.390584 358
4539.394301 356
4539.396371 354
4539.400295 354
4539.400309 355
4539.400322 356
4539.919993 356
4539.920037 356
4539.920066 357
4539.922493 357
4539.922540 357
4539.922576 358
4539.924999 358
4539.925048 358
4539.925080 359
4539.927306 359
4539.927346 359
4539.927369 360
4539.929892 360
4539.929913 360
4539.929947 361
4539.933695 361
4539.933735 361
4539.933759 362
4539.936199 362
4539.936240 362
4539.936264 363
4539.938718 363
4539.938756 363
4539.938790 364
4539.941271 364
4539.941314 364
4539.941346 365
4539.943522 365
4539.943566 365
4539.943592 366
4539.946022 366
4539.946066 366
4539.946093 367
4539.948402 367
4539.948454 367
4539.948486 368
4539.951027 368
4539.951072 368
4539.951098 369
4539.953409 369
4539.953451 369
4539.953478 370
4539.955952 370
4539.955993 370
4539.956017 371
4539.958384 371
4539.958427 371
4539.958467 372
4539.963418 371
4539.963462 371
4539.963502 372
4539.963525 373
4539.963579 374
4539.968577 373
4539.968598 373
4539.968623 374
4539.968641 375
4539.968665 376
4539.973555 375
4539.973600 375
4539.973635 376
4539.973655 377
4539.973676 378
4539.978313 377
4539.978358 377
4539.978385 378
4539.978402 379
4539.978418 380
4539.983319 379
4539.983362 379
4539.983390 380
4539.983407 381
4539.983423 382
4539.988291 381
4539.988334 381
4539.988379 382
4539.988420 383
4539.988442 384
4539.993329 383
4539.993356 383
4539.993382 384
4539.993417 385
4539.993436 386
4539.998202 385
4539.998242 385
4539.998279 386
4539.998296 387
4539.998311 388
4540.003137 387
4540.003167 387
4540.003208 388
4540.003224 389
4540.003238 390
4540.008145 389
4540.008164 389
4540.008186 390
4540.008199 391
4540.008213 392
4540.013121 391
4540.013141 391
4540.013166 392
4540.013181 393
4540.013199 394
4540.018012 393
4540.018038 393
4540.018061 394
4540.018076 395
4540.018089 396
4540.023024 395
4540.023044 395
4540.023068 396
4540.023083 397
4540.023097 398
4540.028024 397
4540.028044 397
4540.028072 398
4540.028096 399
4540.028114 400
4540.032958 399
4540.032979 399
4540.033006 400
4540.033027 401
4540.033091 402
4540.037983 401
4540.038006 401
4540.038044 402
4540.038088 403
4540.038155 404
4540.042971 403
4540.042994 403
4540.043073 404
4540.043129 405
4540.043179 406
4540.047784 405
4540.047803 405
4540.047823 406
4540.047837 407
4540.047852 408
4540.052759 407
4540.052781 407
4540.052807 408
4540.052822 409
4540.052837 410
4540.057831 409
4540.057870 409
4540.057906 410
4540.057935 411
4540.057949 412
4540.062723 411
4540.062768 411
4540.062794 412
4540.062832 413
4540.062875 414
4540.067991 413
4540.068019 413
4540.068045 414
4540.068076 415
4540.068125 416
4540.072741 415
4540.072778 415
4540.072823 416
4540.072856 417
4540.072889 418
4540.077842 417
4540.082637 415
4540.087596 413
4540.092520 411
4540.097479 409
4540.102523 407
4540.107536 405
4540.112634 403
4540.117283 401
4540.122292 399
4540.127330 397
4540.132302 395
4540.137411 393
4540.142482 391
4540.147181 389
4540.152193 387
4540.157106 385
4540.162074 383
4540.167133 381
4540.171979 379
4540.177103 377
4540.181813 375
4540.186870 373
4540.191846 371
4540.196888 369
4540.201891 367
4540.206937 365
4540.212006 363
4540.216745 361
4540.221724 359
4540.226764 357
4540.231707 355
4540.236766 353
4540.241522 351
4540.246557 349
4540.251340 347
4540.256422 345
4540.261481 343
4540.266538 341
4540.271439 339
4540.276433 337
4540.281139 335
4540.286119 333
4540.291148 331
4540.296122 329
4540.301106 327
4540.306123 325
4540.311406 323
4540.316141 321
4540.320998 319
4540.326007 317
4540.332175 315
4540.337151 313
4540.342128 311
4540.347164 309
4540.352004 307
4540.356888 305
4540.360642 303
4540.365718 301
4540.370723 299
4540.376814 297
4540.381999 295
4540.386665 293
4540.391767 291
4540.396731 289
4540.401680 287
4540.406742 285
4540.411617 283
4540.416768 281
4540.421801 279
4540.426506 277
4540.430213 275
4540.432793 273
4540.435270 271
4540.437789 269
4540.440276 267
4540.442807 265
4540.445285 263
4540.447652 261
4540.450151 259
4540.452776 257
4540.455245 255
4540.457747 253
4540.460091 251
4540.462549 249
4540.464969 247
4540.467540 245
4540.470143 243
4540.472393 241
4540.475140 239
4540.477451 237
4540.479980 235
4540.482466 233
4540.484927 231
4540.487427 229
4540.489889 227
4540.492176 225
4540.494670 223
4540.497180 221
4540.499958 219
4540.502170 217
4540.504834 215
4540.507166 213
4540.509756 211
4540.512184 209
4540.514689 207
4540.517205 205
4540.519700 203
4540.522158 201
4540.524701 199
4540.526939 197
4540.529443 195
4540.531947 193
4540.534449 191
4540.536943 189
4540.539628 187
4540.541971 185
4540.544608 183
4540.547130 181
4540.549632 179
4540.552111 177
4540.554637 175
4540.557125 173
4540.559713 171
4540.561738 169
4540.564298 167
4540.566764 165
4540.569218 163
4540.571735 161
4540.574256 159
4540.576745 157
4540.579398 155
4540.581823 153
4540.584223 151
4540.586765 149
4540.589503 147
4540.591835 145
4540.594311 143
4540.596417 141
4540.599105 139
4540.601633 137
4540.604100 135
4540.606559 133
4540.609146 131
4540.611523 129
4540.614673 127
4540.620616 127
4540.620623 128
4540.620643 129
4540.620665 130
4540.620671 131
4540.620694 132
4540.620715 133
4540.620738 134
4540.620747 135
4540.620753 136
4540.620759 137
4540.620764 138
4540.620770 139
4540.620776 140
4540.620786 141
4540.620792 142
4540.620798 143
4540.620803 144
4540.620809 145
4540.620815 146
4540.620820 147
4540.620826 148
4540.620832 149
4540.620838 150
4540.620844 151
4540.620849 152
4540.620869 153
4540.620891 154
4540.620914 155
4540.620938 156
4540.620961 157
4540.620967 158
4540.620972 159
4540.620978 160
4540.620984 161
4540.620990 162
4540.621012 163
4540.621018 164
4540.621024 165
4540.621029 166
4540.621035 167
4540.621040 168
4540.621046 169
4540.621052 170
4540.621057 171
4540.621064 172
4540.621070 173
4540.621091 174
4540.621113 175
4540.621136 176
4540.621160 177
4540.621181 178
4540.621187 179
4540.621193 180
4540.621199 181
4540.621205 182
4540.621210 183
4540.621216 184
4540.621221 185
4540.621227 186
4540.621232 187
4540.621239 188
4540.621244 189
4540.621250 190
4540.621255 191
4540.621261 192
4540.621268 193
4540.621273 194
4540.621279 195
4540.621285 196
4540.621296 197
4540.621319 198
4540.621341 199
4540.621364 200
4540.621387 201
4540.621402 202
4540.621409 203
4540.621415 204
4540.621421 205
4540.621426 206
4540.621432 207
4540.621437 208
4540.621443 209
4540.621449 210
4540.621455 211
4540.621461 212
4540.621467 213
4540.621473 214
4540.621479 215
4540.621484 216
4540.621490 217
4540.621496 218
4540.621502 219
4540.621508 220
4540.621513 221
4540.621533 222
4540.621555 223
4540.621578 224
4540.621600 225
4540.621623 226
4540.621631 227
4540.621638 228
4540.621643 229
4540.621649 230
4540.621654 231
4540.621660 232
4540.621666 233
4540.621673 234
4540.621682 235
4540.621688 236
4540.621694 237
4540.621700 238
4540.621705 239
4540.621711 240
4540.621716 241
4540.621722 242
4540.621728 243
4540.621734 244
4540.621740 245
4540.621746 246
4540.621753 247
4540.621775 248
4540.621795 249
4540.621819 250
4540.621841 251
4540.621864 252
4540.621871 253
4540.621892 254
4540.621898 255
4540.621904 256
4540.621909 257
4540.621915 258
4540.621923 259
4540.621932 260
4540.621937 261
4540.621943 262
4540.621949 263
4540.621955 264
4540.621960 265
4540.621966 266
4540.621973 267
4540.621978 268
4540.621984 269
4540.622002 270
4540.622024 271
4540.622046 272
4540.622069 273
4540.622091 274
4540.622101 275
4540.622107 276
4540.622113 277
4540.622118 278
4540.622124 279
4540.622130 280
4540.622135 281
4540.622141 282
4540.622148 283
4540.622153 284
4540.622159 285
4540.622165 286
4540.622171 287
4540.622177 288
4540.622182 289
4540.622188 290
4540.622194 291
4540.622200 292
4540.622219 293
4540.622242 294
4540.622264 295
4540.622287 296
4540.622310 297
4540.622319 298
4540.622325 299
4540.622331 300
4540.622337 301
4540.622342 302
4540.622348 303
4540.622353 304
4540.622359 305
4540.622365 306
4540.622371 307
4540.622377 308
4540.622383 309
4540.622388 310
4540.622394 311
4540.622400 312
4540.622405 313
4540.622411 314
4540.622418 315
4540.622441 316
4540.622464 317
4540.622488 318
4540.622510 319
4540.622530 320
4540.622536 321
4540.622542 322
4540.622548 323
4540.622554 324
4540.622560 325
4540.622565 326
4540.622571 327
4540.622576 328
4540.622583 329
4540.622591 330
4540.622597 331
4540.622605 332
4540.622611 333
4540.622618 334
4540.622624 335
4540.622629 336
4540.622640 337
4540.622662 338
4540.622688 339
4540.622710 340
4540.622732 341
4540.622745 342
4540.622752 343
4540.622757 344
4540.622769 345
4540.622775 346
4540.622781 347
4540.622790 348
4540.622796 349
4540.622802 350
4540.622809 351
4540.622815 352
4540.622824 353
4540.622829 354
4540.622838 355
4540.622844 356
4540.622852 357
4540.622858 358
4540.622880 359
4540.622905 360
4540.622915 361
4540.622929 362
4540.622954 363
4540.622976 364
4540.622985 365
4540.622991 366
4540.622996 367
4540.623002 368
4540.623007 369
4540.623013 370
4540.623020 371
4540.623025 372
4540.623031 373
4540.623037 374
4540.623042 375
4540.623048 376
4540.623054 377
4540.623059 378
4540.623065 379
4540.623071 380
4540.623077 381
4540.623083 382
4540.623088 383
4540.623098 384
4540.623121 385
4540.623145 386
4540.623162 387
4540.623168 388
4540.623192 389
4540.623212 390
4540.623218 391
4540.623224 392
4540.623230 393
4540.623236 394
4540.623242 395
4540.623253 396
4540.623262 397
4540.623269 398
4540.623275 399
4540.623281 400
4540.623287 401
4540.623293 402
4540.623299 403
4540.623305 404
4540.623311 405
4540.623316 406
4540.623336 407
4540.623359 408
4540.623380 409
4540.623402 410
4540.623425 411
4540.623433 412
4540.623439 413
4540.623445 414
4540.623451 415
4540.623456 416
4540.623462 417
4540.623468 418
4540.623474 419
4540.623480 420
4540.623485 421
4540.623491 422
4540.623497 423
4540.623503 424
4540.623509 425
4540.623514 426
4540.623520 427
4540.623526 428
4540.623532 429
4540.623548 430
4540.623572 431
4540.623595 432
4540.623619 433
4540.623641 434
4540.623651 435
4540.623656 436
4540.623678 437
4540.623684 438
4540.623690 439
4540.623695 440
4540.623701 441
4540.623707 442
4540.623713 443
4540.623719 444
4540.623725 445
4540.623731 446
4540.623737 447
4540.623742 448
4540.623748 449
4540.623754 450
4540.623774 451
4540.623797 452
4540.623820 453
4540.623844 454
4540.623867 455
4540.623872 456
4540.623878 457
4540.623884 458
4540.623890 459
4540.623896 460
4540.623902 461
4540.623907 462
4540.623913 463
4540.623918 464
4540.623925 465
4540.623930 466
4540.623936 467
4540.623942 468
4540.623948 469
4540.623953 470
4540.623959 471
4540.623965 472
4541.402434 472
4541.403722 471
4541.405167 470
4541.918053 469
4541.920181 468
4541.922682 467
4541.925311 466
4541.927687 465
4541.930318 464
4541.932819 463
4541.935250 462
4541.937817 461
4541.940357 460
4541.944079 459
4541.946582 458
4541.949083 457
4541.951161 456
4541.953843 455
4541.956314 454
4541.961214 452
4541.966355 450
4541.971372 448
4541.976331 446
4541.981371 444
4541.986203 442
4541.991064 440
4541.996078 438
4542.003639 436
4542.008645 434
4542.013645 432
4542.018401 430
4542.023408 428
4542.028281 426
4542.033443 424
4542.038421 422
4542.043452 420
4542.048180 418
4542.053185 416
4542.058191 414
4542.063324 412
4542.068325 410
4542.073332 408
4542.078210 406
4542.084241 404
4542.089227 402
4542.094221 400
4542.099242 398
4542.102987 396
4542.107995 394
4542.112868 392
4542.117779 390
4542.123920 388
4542.129016 386
4542.133921 384
4542.138845 382
4542.143932 380
4542.148909 378
4542.153534 376
4542.158669 374
4542.163544 372
4542.168678 370
4542.173694 368
4542.178690 366
4542.183355 364
4542.188464 362
4542.195723 360
4542.198779 358
4542.203210 356
4542.208206 354
4542.213470 352
4542.218310 350
4542.223191 348
4542.230663 346
4542.342390 344
4542.344851 342
4542.347378 340
4542.349924 338
4542.352135 336
4542.357180 334
4542.362146 332
4542.367224 330
4542.372197 328
4542.377170 326
4542.382247 324
4542.386962 322
4542.391917 320
4542.396879 318
4542.402014 316
4542.407056 314
4542.412033 312
4542.417089 310
4542.421782 308
4542.426820 306
4542.431826 304
4542.436799 302
4542.441714 300
4542.446677 298
4542.451891 296
4542.456752 294
4542.461831 292
4542.466835 290
4542.471523 288
4542.476538 286
4542.481533 284
4542.486477 282
4542.491506 280
4542.496446 278
4542.501580 276
4542.506309 274
4542.511327 272
4542.516241 270
4542.521543 268
4542.526399 266
4542.531350 264
4542.536405 262
4542.541151 260
4542.547362 258
4542.552284 256
4542.557298 254
4542.562458 252
4542.567416 250
4542.572348 248
4542.575811 246
4542.580810 244
4542.585819 242
4542.591983 240
4542.597035 238
4542.602077 236
4542.607045 234
4542.611749 232
4542.616843 230
4542.621811 228
4542.626874 226
4542.631855 224
4542.636852 222
4542.641890 220
4542.646573 218
4542.651606 216
4542.656630 214
4542.661469 212
4542.666607 210
4542.671625 208
4542.676675 206
4542.681409 204
4542.686366 202
4542.691452 200
4542.696356 198
4542.701378 196
4542.706361 194
4542.711457 192
4542.716161 190
4542.721211 188
4542.726046 186
4542.731164 184
4542.737651 182
4542.738853 182
4542.738906 183
4542.738972 184
4542.739001 185
4542.739025 186
4542.739037 187
4542.739048 188
4542.739059 189
4542.739070 190
4542.739082 191
4542.739093 192
4542.739104 193
4542.739114 194
4542.739126 195
4542.739137 196
4542.739157 197
4542.739178 198
4542.739199 199
4542.739220 200
4542.739234 201
4542.739245 202
4542.739257 203
4542.739268 204
4542.739279 205
4542.739290 206
4542.739302 207
4542.739312 208
4542.739324 209
4542.739339 210
4542.739361 211
4542.739383 212
4542.739405 213
4542.739417 214
4542.739429 215
4542.739440 216
4542.739451 217
4542.739463 218
4542.739474 219
4542.739485 220
4542.739504 221
4542.739525 222
4542.739547 223
4542.739559 224
4542.739570 225
4542.739582 226
4542.739592 227
4542.739604 228
4542.739615 229
4542.739626 230
4542.739645 231
4542.739667 232
4542.739688 233
4542.739701 234
4542.739712 235
4542.739723 236
4542.739734 237
4542.739745 238
4542.739756 239
4542.739768 240
4542.739789 241
4542.739870 242
4542.739881 243
4542.739899 244
4542.739924 245
4542.739939 246
4542.739950 247
4542.739961 248
4542.739972 249
4542.739984 250
4542.739997 251
4542.740019 252
4542.740039 253
4542.740050 254
4542.740062 255
4542.740073 256
4542.740084 257
4542.740095 258
4542.740117 259
4542.740137 260
4542.740147 261
4542.740158 262
4542.740176 263
4542.740186 264
4542.740204 265
4542.740220 266
4542.740229 267
4542.740239 268
4542.740250 269
4542.740265 270
4542.740284 271
4542.740294 272
4542.740304 273
4542.740314 274
4542.740324 275
4542.740340 276
4542.740359 277
4542.740370 278
4542.740379 279
4542.740389 280
4542.740401 281
4542.740419 282
4542.740431 283
4542.740440 284
4542.740451 285
4542.740460 286
4542.740478 287
4542.740492 288
4542.740500 289
4542.740510 290
4542.740520 291
4542.740530 292
4542.740547 293
4542.740566 294
4542.740578 295
4542.740587 296
4542.740597 297
4542.740607 298
4542.740622 299
4542.740642 300
4542.740654 301
4542.740665 302
4542.740674 303
4542.740684 304
4542.740701 305
4542.740717 306
4542.740728 307
4542.740740 308
4542.740749 309
4542.740766 310
4542.740781 311
4542.740792 312
4542.740801 313
4542.740813 314
4542.740833 315
4542.740844 316
4542.740856 317
4542.740865 318
4542.740884 319
4542.740895 320
4542.740905 321
4542.740972 320
4542.740980 320
4542.740996 321
4542.741011 322
4542.741020 323
4542.745945 322
4542.745953 322
4542.745961 323
4542.745967 324
4542.745973 325
4542.750837 324
4542.750846 324
4542.750856 325
4542.750865 326
4542.750872 327
4542.755737 326
4542.755746 326
4542.755755 327
4542.755762 328
4542.755768 329
4542.760767 328
4542.760778 328
4542.760791 329
4542.760800 330
4542.760806 331
4542.765868 330
4542.765876 330
4542.765886 331
4542.765892 332
4542.765898 333
4542.770922 332
4542.770932 332
4542.770944 333
4542.770951 334
4542.770957 335
4542.775867 334
4542.775882 334
4542.775893 335
4542.775909 336
4542.775919 337
4542.780977 336
4542.780988 336
4542.781000 337
4542.781007 338
4542.781014 339
4542.785567 338
4542.785577 338
4542.785589 339
4542.785596 340
4542.785602 341
4542.790520 340
4542.790537 340
4542.790559 341
4542.790572 342
4542.790585 343
4542.795520 342
4542.795528 342
4542.795539 343
4542.795545 344
4542.795551 345
4542.800563 344
4542.800575 344
4542.800588 345
4542.800595 346
4542.800602 347
4542.805527 346
4542.805535 346
4542.805545 347
4542.805551 348
4542.805557 349
4542.810542 348
4542.810551 348
4542.810562 349
4542.810571 350
4542.810578 351
4542.815601 350
4542.815612 350
4542.815628 351
4542.815635 352
4542.815642 353
4542.820352 352
4542.820361 352
4542.820374 353
4542.820380 354
4542.820387 355
4542.825299 354
4542.825308 354
4542.825318 355
4542.825325 356
4542.825331 357
4542.830363 356
4542.830373 356
4542.830384 357
4542.830391 358
4542.830397 359
4542.835310 358
4542.835318 358
4542.835328 359
4542.835335 360
4542.835341 361
4542.840372 360
4542.840381 360
4542.840393 361
4542.840399 362
4542.840405 363
4542.845379 362
4542.850361 360
4542.855139 358
4542.860195 356
4542.865098 354
4542.870257 352
4542.875143 350
4542.880183 348
4542.885242 346
4542.889921 344
4542.895092 342
4542.899837 340
4542.904834 338
4542.909981 336
4542.914842 334
4542.919926 332
4542.924850 330
4542.929643 328
4542.934728 326
4542.939598 324
4542.944764 322
4542.949714 320
4542.954687 318
4542.959340 316
4542.965738 314
4542.970591 312
4542.974490 310
4542.979423 308
4542.984430 306
4542.989412 304
4542.994151 302
4542.999183 300
4543.004129 298
4543.010469 296
4543.015492 294
4543.020572 292
4543.025589 290
4543.030217 288
4543.035221 286
4543.040206 284
4543.045231 282
4543.050234 280
4543.055404 278
4543.060240 276
4543.065126 274
4543.070011 272
4543.075125 270
4543.080109 268
4543.085023 266
4543.089925 264
4543.094991 262
4543.099839 260
4543.104823 258
4543.109889 256
4543.114900 254
4543.119916 252
4543.124767 250
4543.129421 248
4543.134431 246
4543.139433 244
4543.144447 242
4543.149424 240
4543.154455 238
4543.159498 236
4543.164205 234
4543.169397 232
4543.174431 230
4543.179472 228
4543.184405 226
4543.193362 224
4543.196911 224
4543.196932 225
4543.196949 226
4543.196972 227
4543.197010 228
4543.197049 229
4543.197088 230
4543.197109 231
4543.197126 232
4543.197143 233
4543.197158 234
4543.197175 235
4543.197192 236
4543.197209 237
4543.197226 238
4543.197260 239
4543.197297 240
4543.197314 241
4543.197331 242
4543.197348 243
4543.197382 244
4543.197405 245
4543.197427 246
4543.197448 247
4543.197472 248
4543.197490 249
4543.197508 250
4543.197525 251
4543.197542 252
4543.197560 253
4543.197576 254
4543.197592 255
4543.197609 256
4543.197626 257
4543.197643 258
4543.197661 259
4543.197679 260
4543.197696 261
4543.197713 262
4543.197810 263
4543.197828 264
4543.197846 265
4543.197862 266
4543.197878 267
4543.197895 268
4543.197911 269
4543.197929 270
4543.197946 271
4543.197964 272
4543.197982 273
4543.197998 274
4543.198014 275
4543.198032 276
4543.198050 277
4543.198067 278
4543.198084 279
4543.198102 280
4543.198119 281
4543.198135 282
4543.198151 283
4543.198168 284
4543.198186 285
4543.198202 286
4543.198220 287
4543.198238 288
4543.198255 289
4543.198272 290
4543.198288 291
4543.198305 292
4543.198323 293
4543.198339 294
4543.198357 295
4543.198396 296
4543.198439 297
4543.198476 298
4543.198510 299
4543.198529 300
4543.198545 301
4543.198562 302
4543.198578 303
4543.198593 304
4543.198608 305
4543.198625 306
4543.198645 307
4543.198687 308
4543.198723 309
4543.198759 310
4543.198780 311
4543.198797 312
4543.198815 313
4543.198832 314
4543.198848 315
4543.198866 316
4543.198881 317
4543.198896 318
4543.198924 319
4543.198962 320
4543.199001 321
4544.680402 321
4544.683074 320
4544.685551 319
4544.687893 318
4544.690225 317
4544.692781 316
4544.695358 315
4544.697776 314
4544.700271 313
4544.702785 312
4544.705326 311
4544.707763 310
4544.710205 309
4544.712749 308
4544.715286 307
4544.717773 306
4544.723722 304
4544.728783 302
4544.733785 300
4544.738786 298
4544.743646 296
4544.748784 294
4544.753931 292
4544.758558 290
4544.762291 288
4544.768582 286
4544.773633 284
4544.778672 282
4544.783643 280
4544.788654 278
4544.793286 276
4544.798288 274
4544.803235 272
4544.808403 270
4544.813267 268
4544.818467 266
4544.823191 264
4544.828226 262
4544.833081 260
4544.838056 258
4544.843063 256
4544.848202 254
4544.853233 252
4544.857970 250
4544.862926 248
4544.867964 246
4544.872943 244
4544.878046 242
4544.882865 240
4544.888067 238
4544.892688 236
4544.897799 234
4544.902610 232
4544.907730 230
4544.912616 228
4544.917723 226
4544.922605 224
4544.927406 222
4544.932481 220
4544.937473 218
4544.942378 216
4544.947374 214
4544.952390 212
4544.957405 210
4544.962204 208
4544.967157 206
4544.972109 204
4544.977144 202
4544.982163 200
4544.987183 198
4544.992173 196
4544.996945 194
4545.001914 192
4545.006783 190
4545.012016 188
4545.016862 186
4545.021877 184
4545.026866 182
4545.031636 180
4545.036682 178
4545.041630 176
4545.046655 174
4545.051643 172
4545.056676 170
4545.061711 168
4545.066563 166
4545.071476 164
4545.076445 162
4545.081490 160
4545.086484 158
4545.091452 156
4545.096504 154
4545.101310 152
4545.106289 150
4545.111317 148
4545.116316 146
4545.121208 144
4545.126236 142
4545.131170 140
4545.136037 138
4545.141107 136
4545.147234 134
4545.152248 132
4545.157312 130
4545.162341 128
4545.167267 126
4545.170824 124
4545.175863 122
4545.180832 120
4545.185759 118
4545.192222 116
4545.197105 114
4545.202005 112
4545.206861 110
4545.211896 108
4545.216749 106
4545.222001 104
4545.226753 102
4545.231849 100
4545.236784 98
4545.406967 96
4545.409592 94
4545.411486 92
4545.414114 90
4545.416520 88
4545.419186 86
4545.421634 84
4545.424028 82
4545.426505 80
4545.429301 78
4545.431651 76
4545.434196 74
4545.436590 72
4545.439131 70
4545.441567 68
4545.444243 66
4545.446440 64
4545.448952 62
4545.451424 60
4545.453834 58
4545.456364 56
4545.458826 54
4545.461306 52
4545.463882 50
4545.466352 48
4545.469146 46
4545.471430 44
4545.473891 42
4545.476439 40
4545.478731 38
4545.481215 36
4545.483649 34
4545.486288 32
4545.488593 30
4545.491096 28
4545.493688 26
4545.496159 24
4545.498634 22
4545.501120 20
4545.503663 18
4545.506203 16
4545.508687 14
4545.511104 12
4545.513497 10
4545.515974 8
4545.518492 6
4545.520945 4
4545.523468 2
4545.531612 2
4545.531644 3
4545.531670 4
4545.531695 5
4545.531729 6
4545.531755 7
4545.531780 8
4545.531806 9
4545.531832 10
4545.531857 11
4545.531883 12
4545.531909 13
4545.531934 14
4545.531960 15
4545.531985 16
4545.532011 17
4545.532036 18
4545.532062 19
4545.532088 20
4545.532113 21
4545.532138 22
4545.532163 23
4545.532189 24
4545.532214 25
4545.532239 26
4545.532264 27
4545.532290 28
4545.532315 29
4545.532340 30
4545.532365 31
4545.532391 32
4545.532416 33
4545.532441 34
4545.532466 35
4545.532492 36
4545.532517 37
4545.532542 38
4545.532568 39
4545.532594 40
4545.532619 41
4545.532645 42
4545.532671 43
4545.532696 44
4545.532729 45
4545.532756 46
4545.532781 47
4545.532807 48
4545.532832 49
4545.532858 50
4545.532883 51
4545.532909 52
4545.532952 51
4545.533042 51
4545.533075 52
4545.533094 53
4545.533202 54
4545.533209 55
4545.533217 56
4545.533224 57
4545.533231 58
4545.533239 59
4545.533246 60
4545.533253 61
4545.533260 62
4545.533268 63
4545.533280 64
4545.533307 65
4545.533336 66
4545.533365 67
4545.533394 68
4545.533414 69
4545.533421 70
4545.533429 71
4545.533436 72
4545.533444 73
4545.533451 74
4545.533458 75
4545.533466 76
4545.533473 77
4545.533480 78
4545.533488 79
4545.533495 80
4545.533502 81
4545.533509 82
4545.533517 83
4545.533524 84
4545.533533 85
4545.533540 86
4545.533548 87
4545.533567 88
4545.533594 89
4545.533622 90
4545.533650 91
4545.533679 92
4545.533695 93
4545.533702 94
4545.533714 95
4545.533722 96
4545.533729 97
4545.533736 98
4545.533743 99
4545.533750 100
4545.533758 101
4545.533766 102
4545.533773 103
4545.533780 104
4545.533787 105
4545.533794 106
4545.533801 107
4545.533808 108
4545.533816 109
4545.533824 110
4545.533841 111
4545.533868 112
4545.533896 113
4545.533924 114
4545.533951 115
4545.533969 116
4545.533977 117
4545.533984 118
4545.533991 119
4545.533998 120
4545.534005 121
4545.534012 122
4545.534020 123
4545.534027 124
4545.534035 125
4545.534042 126
4545.534049 127
4545.534056 128
4545.534063 129
4545.534070 130
4545.534077 131
4545.534084 132
4545.534092 133
4545.534100 134
4545.534107 135
4545.534127 136
4545.534154 137
4545.534181 138
4545.534210 139
4545.534265 140
4545.534273 141
4545.534280 142
4545.534288 143
4545.534295 144
4545.534302 145
4545.534309 146
4545.534316 147
4545.534323 148
4545.534331 149
4545.534338 150
4545.534345 151
4545.534352 152
4545.534359 153
4545.534367 154
4545.534374 155
4545.534381 156
4545.534389 157
4545.534396 158
4545.534403 159
4545.534424 160
4545.534452 161
4545.534478 162
4545.534505 163
4545.534533 164
4545.534549 165
4545.534556 166
4545.534563 167
4545.534570 168
4545.534577 169
4545.534584 170
4545.534591 171
4545.534598 172
4545.534606 173
4545.534613 174
4545.534620 175
4545.534627 176
4545.534634 177
4545.534641 178
4545.534648 179
4545.534655 180
4545.534663 181
4545.534670 182
4545.534677 183
4545.534684 184
4545.534710 185
4545.534726 186
4545.534733 187
4545.534761 188
4545.534789 189
4545.534818 190
4545.534839 191
4545.534846 192
4545.534853 193
4545.534860 194
4545.534867 195
4545.534874 196
4545.534882 197
4545.534889 198
4545.534896 199
4545.534903 200
4545.534910 201
4545.534917 202
4545.534924 203
4545.534931 204
4545.534939 205
4545.534946 206
4545.534953 207
4545.534960 208
4545.534968 209
4545.534975 210
4545.534996 211
4545.535023 212
4545.535050 213
4545.535079 214
4545.535106 215
4545.535120 216
4545.535128 217
4545.535135 218
4545.535142 219
4545.535149 220
4545.535156 221
4545.535164 222
4545.535171 223
4545.535177 224
4545.535185 225
4545.535192 226
4545.535199 227
4545.535206 228
4545.535214 229
4545.535221 230
4545.535247 231
4545.535254 232
4545.535273 233
4547.105984 233
4547.107232 232
4547.108491 231
4547.109636 230
4547.110881 229
4547.112023 228
4547.113293 227
4547.114530 226
4547.115782 225
4547.116904 224
4547.118283 223
4547.119360 222
4547.120724 221
4547.122114 220
4547.123323 219
4547.124640 218
4547.127115 216
4547.129543 214
4547.134537 212
4547.139590 210
4547.144270 208
4547.149270 206
4547.154285 204
4547.159252 202
4547.164274 200
4547.169238 198
4547.174272 196
4547.179030 194
4547.184092 192
4547.189280 190
4547.194287 188
4547.199318 186
4547.204318 184
4547.209184 182
4547.213584 180
4547.218350 178
4547.223276 176
4547.228332 174
4547.233292 172
4547.238170 170
4547.243102 168
4547.248056 166
4547.253198 164
4547.258229 162
4547.263218 160
4547.268214 158
4547.272994 156
4547.277994 154
4547.283035 152
4547.288004 150
4547.292851 148
4547.297862 146
4547.302916 144
4547.307609 142
4547.312650 140
4547.317670 138
4547.322664 136
4547.327636 134
4547.332715 132
4547.337714 130
4547.342449 128
4547.347622 126
4547.352524 124
4547.357449 122
4547.362461 120
4547.367603 118
4547.372277 116
4547.377280 114
4547.382234 112
4547.387319 110
4547.392263 108
4547.397380 106
4547.402303 104
4547.407194 102
4547.412044 100
4547.416990 98
4547.422014 96
4547.427006 94
4547.432008 92
4547.436851 90
4547.441790 88
4547.446779 86
4547.452009 84
4547.455235 84
4547.455278 85
4547.455283 86
4547.455289 87
4547.455295 88
4547.455300 89
4547.455312 90
4547.455333 91
4547.455357 92
4547.455379 93
4547.455398 94
4547.455419 95
4547.455425 96
4547.455430 97
4547.455436 98
4547.455441 99
4547.455447 100
4547.455454 101
4547.455460 102
4547.455465 103
4547.455471 104
4547.455476 105
4547.455482 106
4547.455490 107
4547.455498 108
4547.455504 109
4547.455510 110
4547.455516 111
4547.455521 112
4547.455527 113
4547.455534 114
4547.455556 115
4547.455579 116
4547.455600 117
4547.455623 118
4547.455648 119
4547.455654 120
4547.455659 121
4547.455666 122
4547.455671 123
4547.455677 124
4547.455683 125
4547.455688 126
4547.455694 127
4547.455700 128
4547.455705 129
4547.455711 130
4547.455716 131
4547.455722 132
4547.455729 133
4547.455734 134
4547.455745 135
4547.455757 136
4547.455787 137
4547.455816 138
4547.455848 139
4547.455870 140
4547.455876 141
4547.455882 142
4547.455888 143
4547.455893 144
4547.455899 145
4547.455905 146
4547.455910 147
4547.455916 148
4547.455922 149
4547.455927 150
4547.455933 151
4547.455939 152
4547.455945 153
4547.455950 154
4547.455956 155
4547.455961 156
4547.455968 157
4547.455973 158
4547.455979 159
4547.455992 160
4547.456015 161
4547.456038 162
4547.456061 163
4547.456085 164
4547.456097 165
4547.456103 166
4547.456108 167
4547.456114 168
4547.456120 169
4547.456125 170
4547.456131 171
4547.456136 172
4547.456142 173
4547.456152 174
4547.456158 175
4547.456163 176
4547.456169 177
4547.456175 178
4547.456180 179
4547.456186 180
4547.456192 181
4547.456198 182
4547.456212 183
4547.456227 184
4547.456234 185
4547.456256 186
4547.456279 187
4547.456303 188
4547.456322 189
4547.456328 190
4547.456333 191
4547.456339 192
4547.456344 193
4547.456350 194
4547.456356 195
4547.456362 196
4547.456368 197
4547.456374 198
4547.456379 199
4547.456385 200
4547.456391 201
4547.456396 202
4547.456402 203
4547.456408 204
4547.456414 205
4547.456421 206
4547.456427 207
4547.456445 208
4547.456467 209
4547.456489 210
4547.456514 211
4547.456537 212
4547.456544 213
4547.456550 214
4547.456556 215
4547.456562 216
4547.456567 217
4547.456573 218
4547.456579 219
4547.456584 220
4547.456590 221
4547.456596 222
4547.456602 223
4547.456607 224
4547.456613 225
4547.456618 226
4547.456624 227
4547.456630 228
4547.456641 229
4547.456647 230
4547.456669 231
4547.456691 232
4547.456714 233
4547.456728 234
4547.456743 235
4547.456765 236
4547.456774 237
4547.456783 238
4547.456793 239
4547.456800 240
4547.456805 241
4547.456811 242
4547.456817 243
4547.456823 244
4547.456829 245
4547.456834 246
4547.456840 247
4547.456846 248
4547.456852 249
4547.456857 250
4547.456863 251
4547.456868 252
4547.456875 253
4547.456883 254
4547.456906 255
4547.456927 256
4547.456952 257
4547.456976 258
4547.456992 259
4547.456998 260
4547.457004 261
4547.457009 262
4547.457015 263
4547.457021 264
4547.457026 265
4547.457044 264
4547.457058 264
4547.457064 265
4547.457071 266
4547.457077 267
4547.457083 268
4547.457088 269
4547.457094 270
4547.457107 271
4547.457129 272
4547.457151 273
4547.457174 274
4547.457197 275
4547.457212 276
4547.457218 277
4547.457224 278
4547.457230 279
4547.457235 280
4547.457241 281
4547.457246 282
4547.457252 283
4547.457258 284
4547.457263 285
4547.457269 286
4547.457275 287
4547.457281 288
4547.457286 289
4547.457292 290
4547.457297 291
4547.457304 292
4547.457309 293
4547.457319 294
4547.457342 295
4547.457365 296
4547.457387 297
4547.457411 298
4547.457425 299
4547.457432 300
4547.457438 301
4547.457443 302
4547.457449 303
4547.457455 304
4547.457460 305
4547.457466 306
4547.457472 307
4547.457478 308
4547.457484 309
4547.457489 310
4547.457495 311
4547.457500 312
4547.461688 311
4547.466698 309
4547.471475 307
4547.476494 305
4547.481481 303
4547.486618 301
4547.491486 299
4547.496502 297
4547.501264 295
4547.506287 293
4547.511409 291
4547.516419 289
4547.521483 287
4547.526479 285
4547.532485 283
4547.537424 281
4547.542446 279
4547.547342 277
4547.551102 275
4547.555969 273
4547.561013 271
4547.565878 269
4547.572173 267
4547.577072 265
4547.582030 263
4547.587004 261
4547.592106 259
4547.597242 257
4547.601948 255
4547.606921 253
4547.611865 251
4547.616918 249
4547.621913 247
4547.627081 245
4547.631632 243
4547.636701 241
4547.641804 239
4547.646596 237
4547.651665 235
4547.656615 233
4547.662262 231
4547.666209 231
4547.666225 232
4547.666239 233
4547.666254 234
4547.666268 235
4547.666306 236
4547.666361 237
4547.666417 238
4547.666471 239
4547.666525 240
4547.666560 241
4547.666576 242
4547.666590 243
4547.666605 244
4547.666627 245
4547.666646 246
4547.666660 247
4547.666674 248
4547.666687 249
4547.666702 250
4547.666716 251
4547.666730 252
4547.666743 253
4547.666757 254
4547.666771 255
4547.666785 256
4547.666799 257
4547.666813 258
4547.666861 259
4547.666914 260
4547.666970 261
4547.667025 262
4547.667081 263
4547.667114 264
4547.667129 265
4547.667144 266
4547.667158 267
4547.667171 268
4547.667185 269
4547.667199 270
4547.667213 271
4547.667226 272
4547.667240 273
4547.667255 274
4549.246384 274
4549.249039 273
4549.251482 272
4549.254082 271
4549.256484 270
4549.258676 269
4549.261196 268
4549.263846 267
4549.266301 266
4549.268803 265
4549.271158 264
4549.273814 263
4549.276428 262
4549.278782 261
4549.281389 260
4549.283899 259
4549.288929 257
4549.293650 255
4549.298713 253
4549.303669 251
4549.308710 249
4549.313536 247
4549.319924 245
4549.324656 243
4549.328648 241
4549.333459 239
4549.338530 237
4549.343408 235
4549.348281 233
4549.354547 231
4549.359541 229
4549.364476 227
4549.369529 225
4549.374390 223
4549.379312 221
4549.384434 219
4549.389202 217
4549.394084 215
4549.399207 213
4549.404217 211
4549.409093 209
4549.414133 207
4549.419232 205
4549.424040 203
4549.428887 201
4549.433868 199
4549.438886 197
4549.443883 195
4549.448865 193
4549.453687 191
4549.458693 189
4549.463696 187
4549.468696 185
4549.473675 183
4549.478749 181
4549.483787 179
4549.488665 177
4549.493666 175
4549.498589 173
4549.503675 171
4549.508647 169
4549.513636 167
4549.518569 165
4549.523202 163
4549.528312 161
4549.533239 159
4549.538260 157
4549.543310 155
4549.548378 153
4549.553043 151
4549.558046 149
4549.563055 147
4549.568037 145
4549.573040 143
4549.578034 141
4549.583006 139
4549.587812 137
4549.592764 135
4549.597837 133
4549.602821 131
4549.607811 129
4549.612712 127
4549.617821 125
4549.622603 123
4549.627576 121
4549.632611 119
4549.637465 117
4549.642667 115
4549.647621 113
4549.652677 111
4549.657502 109
4549.662472 107
4549.667447 105
4549.672567 103
4549.677462 101
4549.682552 99
4549.687466 97
4549.692221 95
4549.697229 93
4549.702233 91
4549.707363 89
4549.712400 87
4549.717246 85
4549.722040 83
4549.727007 81
4549.732164 79
4549.737017 77
4549.742016 75
4549.747029 73
4549.752157 71
4549.756784 69
4549.761912 67
4549.766797 65
4549.771893 63
4549.777931 61
4549.783057 59
4549.787803 57
4549.792883 55
4549.797718 53
4549.802963 51
4549.806721 49
4549.811730 47
4549.817855 45
4549.822833 43
4549.827752 41
4549.831708 41
4549.831730 42
4549.831751 43
4549.831771 44
4549.831782 45
4549.831792 46
4549.831803 47
4549.831813 48
4549.831823 49
4549.831834 50
4549.831844 51
4549.831853 52
4549.831864 53
4549.831877 54
4549.831887 55
4549.831897 56
4549.831910 57
4549.831929 58
4549.831948 59
4549.831969 60
4549.831987 61
4549.832006 62
4549.832024 63
4549.832038 64
4549.832050 65
4549.832060 66
4549.832070 67
4549.832081 68
4549.832092 69
4549.832103 70
4549.832113 71
4549.832124 72
4549.832135 73
4549.832144 74
4549.832155 75
4549.832174 76
4549.832192 77
4549.832213 78
4549.832231 79
4549.832250 80
4549.832270 81
4549.832281 82
4549.832294 83
4549.832304 84
4549.832313 85
4549.832325 86
4549.832337 87
4549.832347 88
4549.832357 89
4549.832368 90
4549.832379 91
4549.832389 92
4549.832401 93
4549.832416 94
4549.832434 95
4549.832456 96
4549.832475 97
4549.832490 98
4549.832508 99
4549.832547 100
4549.832558 101
4549.832568 102
4549.832578 103
4549.832590 104
4549.832599 105
4549.832609 106
4549.832619 107
4549.832627 108
4549.832637 109
4549.832646 110
4549.832663 111
4549.832683 112
4549.832702 113
4549.832720 114
4549.832738 115
4549.832757 116
4549.832769 117
4549.832779 118
4549.832789 119
4549.832797 120
4549.832807 121
4549.832816 122
4549.832826 123
4549.832836 124
4549.832845 125
4549.832854 126
4549.832864 127
4549.832875 128
4549.832885 129
4549.832901 130
4549.832919 131
4549.832938 132
4549.832956 133
4549.832975 134
4549.832994 135
4549.833007 136
4549.833021 137
4549.833032 138
4549.833042 139
4549.833051 140
4549.833061 141
4549.833071 142
4549.833081 143
4549.833091 144
4549.833100 145
4549.833110 146
4549.833120 147
4549.833129 148
4549.833148 149
4549.833166 150
4549.833185 151
4549.833206 152
4549.833224 153
4549.833242 154
4549.833252 155
4549.833262 156
4549.833271 157
4549.833281 158
4549.833292 159
4549.833302 160
4549.833312 161
4549.833322 162
4549.833330 163
4549.833340 164
4549.833350 165
4549.833360 166
4549.833369 167
4549.833389 168
4549.833407 169
4549.833426 170
4549.833446 171
4549.833464 172
4549.833482 173
4549.833491 174
4549.833501 175
4549.833512 176
4549.833522 177
4549.833531 178
4549.833541 179
4549.833552 180
4549.833562 181
4549.833571 182
4549.833581 183
4549.833591 184
4549.833632 183
4549.833652 184
4549.882272 167
4549.887102 164
4549.892118 162
4549.897044 160
4549.902159 158
4549.907053 156
4549.912058 154
4549.917077 152
4549.921822 150
4549.926869 148
4549.929813 148
4549.929823 149
4549.929833 150
4549.929842 151
4549.929851 152
4549.929860 153
4549.929869 154
4549.929879 155
4549.929888 156
4549.929897 157
4549.929907 158
4549.929916 159
4549.929925 160
4549.929935 161
4549.929944 162
4549.929953 163
4549.929963 164
4549.929972 165
4549.929981 166
4549.929990 167
4549.930000 168
4549.930009 169
4549.930018 170
4549.930028 171
4549.930037 172
4549.930046 173
4549.930056 174
4549.930065 175
4549.930074 176
4549.930084 177
4549.930093 178
4549.930102 179
4549.930111 180
4549.930121 181
4549.930131 182
4549.930141 183
4549.930150 184
4549.930160 185
4549.930169 186
4549.930178 187
4549.930188 188
4549.930197 189
4549.930213 189
4549.930382 189
4549.930395 190
4549.930407 191
4549.930423 192
4549.930455 193
4549.930476 194
4549.930498 195
4549.930520 196
4549.930538 197
4549.930550 198
4549.930561 199
4549.930572 200
4549.930583 201
4549.930594 202
4549.930605 203
4549.930617 204
4549.930628 205
4549.930639 206
4549.930650 207
4549.930661 208
4549.930672 209
4549.930709 210
4549.930730 211
4549.930751 212
4549.930772 213
4549.930793 214
4549.930814 215
4549.930827 216
4549.930838 217
4549.930850 218
4549.930861 219
4549.930872 220
4549.930884 221
4549.930895 222
4549.930912 223
4549.930922 224
4549.930931 225
4549.930950 226
4549.930965 227
4549.930985 228
4549.931003 229
4549.931022 230
4549.931040 231
4549.931058 232
4549.931080 233
4549.931100 234
4549.931110 235
4549.931174 236
4549.931203 237
4549.931230 238
4549.931257 239
4549.931285 240
4549.931312 241
4549.931348 242
4549.931375 243
4549.931403 244
4549.931447 245
4549.931498 246
4549.931554 247
4549.931605 248
4549.931659 249
4549.931724 250
4549.931755 251
4549.931784 252
4549.931813 253
4549.931841 254
4549.931870 255
4549.931900 256
4549.931928 257
4549.931957 258
4549.931986 259
4549.932016 260
4549.932044 261
4549.932088 262
4549.932154 263
4549.932225 264
4549.932281 265
4549.932332 266
4549.932376 267
4549.932404 268
4549.932433 269
4549.932461 270
4549.932490 271
4549.932516 272
4551.664647 272
4551.665968 271
4551.667166 270
4551.668328 269
4551.669499 268
4551.670937 267
4551.672156 266
4551.673357 265
4551.674560 264
4551.675939 263
4551.677080 262
4551.678432 261
4551.679811 260
4551.680908 259
4551.682190 258
4551.683341 257
4551.685825 255
4551.688445 253
4551.690946 251
4551.693421 249
4551.695870 247
4551.698172 245
4551.700642 243
4551.703195 241
4551.705575 239
4551.708106 237
4551.710812 235
4551.713207 233
4551.715592 231
4551.718099 229
4551.720805 227
4551.723067 225
4551.725692 223
4551.728131 221
4551.730700 219
4551.732857 217
4551.735585 215
4551.737973 213
4551.740523 211
4551.742878 209
4551.745483 207
4551.747943 205
4551.750475 203
4551.752917 201
4551.755412 199
4551.757946 197
4551.760467 195
4551.762923 193
4551.765427 191
4551.767619 189
4551.770184 187
4551.772652 185
4551.775158 183
4551.777610 181
4551.780179 179
4551.782690 177
4551.785094 175
4551.787641 173
4551.790142 171
4551.792612 169
4551.795099 167
4551.797730 165
4551.799876 163
4551.802373 161
4551.804877 159
4551.807398 157
4551.809894 155
4551.812395 153
4551.814974 151
4551.817418 149
4551.819870 147
4551.822415 145
4551.824870 143
4551.827406 141
4551.830020 139
4551.832447 137
4551.836902 135
4551.837146 133
4551.839570 131
4551.842060 129
4551.844569 127
4551.847088 125
4551.849591 123
4551.852172 121
4551.854684 119
4551.857120 117
4551.859621 115
4551.862113 113
4551.864611 111
4551.867128 109
4551.869420 107
4551.871900 105
4551.874391 103
4551.876921 101
4551.879404 99
4551.881916 97
4551.884412 95
4551.886935 93
4551.889474 91
4551.891940 89
4551.894420 87
4551.896898 85
4551.899522 83
4551.901748 81
4551.904202 79
4551.906726 77
4551.909196 75
4551.911749 73
4551.914265 71
4551.916656 69
4551.919293 67
4551.921889 65
4551.923489 63
4551.926155 61
4551.928363 59
4551.930778 57
4551.933250 55
4551.935736 53
4551.938285 51
4551.940918 49
4551.943238 47
4551.945748 45
4551.948271 43
4551.953149 41
4551.958158 39
4551.963040 37
4551.968256 35
4551.973007 33
4551.978076 31
4551.983075 29
4551.989213 27
4551.992972 25
4551.997799 23
4552.002733 21
4552.007866 19
4552.012747 17
4552.017753 15
4552.022757 13
4552.028998 11
4552.033764 9
4552.038712 7
4552.043816 5
4552.048740 3
4552.053727 1
4552.056896 0
4553.309702 0
4555.876157 1
4558.446765 0
