4531.823864 253024
4531.829398 258557
4531.831988 265979
4531.834325 274798
4531.836882 285058
4531.839247 296385
4531.841704 308736
4531.844295 322120
4531.846884 336407
4531.848061 350072
4531.860979 343397
4531.861953 338485
4531.865585 332316
4531.868211 329494
4531.871924 328222
4531.873088 328248
4531.876866 329737
4531.879433 333585
4531.881889 336876
4531.884343 342186
4531.886962 347110
4531.889482 353922
4531.891733 359689
4531.894372 367348
4531.896605 373719
4531.899107 381766
4531.901610 388755
4531.904083 397330
4531.905310 404877
4531.906575 412718
4531.911620 411730
4531.914079 413297
4531.916717 416356
4531.919125 421413
4531.921591 424707
4531.924104 430069
4531.926531 434595
4531.929137 441133
4531.932776 446807
4531.933884 452854
4531.936558 459681
4531.939032 468101
4531.942663 475348
4531.943771 482766
4531.947562 490515
4531.948916 498620
4531.951250 505620
4531.955161 515607
4531.957671 524425
4531.960068 534488
4531.962672 543318
4531.964876 553192
4531.967436 561922
4531.969904 571984
4531.972353 581039
4531.974903 591473
4531.977473 600576
4531.979856 610856
4531.982455 620285
4531.985089 631130
4531.987456 640524
4531.989909 651158
4531.992337 660427
4531.994841 671003
4531.997218 680198
4531.999844 690826
4532.002308 701410
4532.004684 713002
4532.007226 724465
4532.009693 736922
4532.012150 745272
4532.014741 755112
4532.017193 763772
4532.019797 773914
4532.022182 782578
4532.024812 792731
4532.027250 801698
4532.029820 812074
4532.032063 820974
4532.034323 830976
4532.037119 840051
4532.039424 850233
4532.041908 859263
4532.044303 869517
4532.046971 878587
4532.049482 888972
4532.053295 898301
4532.055735 908855
4532.058149 919440
4532.060806 931316
4532.063282 941541
4532.065537 952674
4532.067918 962404
4532.070568 973521
4532.073042 982138
4532.075425 992017
4532.080508 1004685
4532.085324 1016824
4532.090412 1031139
4532.095533 1046469
4532.100145 1060579
4532.105142 1075413
4532.110366 1091222
4532.115291 1107374
4532.120355 1124371
4532.125208 1141530
4532.130302 1159193
4532.135093 1176964
4532.139877 1194750
4532.145090 1212937
4532.149974 1231380
4532.155124 1250052
4532.159985 1268624
4532.164913 1287430
4532.169935 1306460
4532.174903 1325647
4532.179970 1345002
4532.184965 1364547
4532.189878 1383945
4532.194779 1403353
4532.200009 1423190
4532.204504 1442499
4532.209744 1462157
4532.214693 1481862
4532.219784 1501614
4532.224852 1521483
4532.229766 1541184
4532.234669 1560990
4532.239390 1580413
4532.244553 1600127
4532.249483 1619729
4532.254346 1639495
4532.259311 1659505
4532.264351 1679259
4532.269232 1699121
4532.273887 1718641
4532.281819 1741253
4532.282835 1759389
4532.284128 1776508
4532.286737 1791630
4532.289221 1807283
4532.294175 1822181
4532.295440 1836429
4532.297762 1848832
4532.300278 1862158
4532.302414 1873583
4532.305041 1886163
4532.307561 1897069
4532.310082 1909083
4532.312541 1919634
4532.315084 1931365
4532.317578 1941918
4532.320098 1953618
4532.322595 1964022
4532.325034 1975520
4532.327461 1985392
4532.331374 1997894
4532.333795 2008840
4532.336008 2020585
4532.338546 2031062
4532.341177 2042817
4532.346014 2052910
4532.347466 2063155
4532.349767 2074391
4532.352180 2086575
4532.356037 2096413
4532.357205 2106150
4532.359740 2117176
4532.362334 2129384
4532.364725 2137467
4532.367347 2147122
4532.369540 2157725
4532.372126 2169553
4532.375829 2178594
4532.376941 2187530
4532.383433 2201803
4532.388262 2214632
4532.393497 2231008
4532.398245 2245174
4532.403138 2262379
4532.408003 2277155
4532.413129 2295107
4532.418017 2310883
4532.423148 2329679
4532.428062 2346109
4532.433096 2365384
4532.437811 2382252
4532.442862 2401997
4532.447830 2419214
4532.452806 2439169
4532.457834 2456952
4532.462990 2477579
4532.467879 2495832
4532.473191 2517013
4532.477645 2534872
4532.482770 2555513
4532.487654 2573700
4532.529376 2631244
4532.690314 2645148
4532.692585 2657290
4532.695283 2670589
4532.697609 2682165
4532.700245 2694906
4532.703743 2705735
4532.704924 2716381
4532.708628 2728228
4532.711302 2741245
4532.713828 2752645
4532.716331 2765102
4532.718784 2775883
4532.721336 2787843
4532.723759 2798351
4532.726265 2810014
4532.728782 2820151
4532.731329 2831529
4532.733696 2841688
4532.736084 2852944
4532.738522 2862665
4532.740996 2873613
4532.743488 2882024
4532.745847 2891717
4532.748503 2901781
4532.750776 2912837
4532.755697 2920935
4532.758366 2930642
4532.760717 2941456
4532.763326 2953500
4532.765932 2961932
4532.768234 2971569
4532.770587 2982325
4532.773080 2994202
4532.775490 3001889
4532.778111 3011210
4532.780681 3021912
4532.783177 3033753
4532.785679 3041911
4532.788181 3051508
4532.790697 3062370
4532.793169 3074303
4532.795605 3082454
4532.798048 3092003
4532.800631 3102929
4532.803038 3114883
4532.805262 3122726
4532.807757 3132036
4532.810367 3142759
4532.812807 3154555
4532.815325 3162368
4532.817829 3171646
4532.820427 3182315
4532.822802 3193979
4532.825251 3201905
4532.827764 3211288
4532.830399 3222085
4532.832767 3233859
4532.835322 3241740
4532.837828 3251083
4532.840064 3261446
4532.842612 3273012
4532.932269 3281735
4532.934726 3291777
4532.937266 3303063
4532.939736 3315367
4532.942153 3328510
4532.944272 3342090
4532.946846 3356504
4532.955713 3363254
4532.958167 3371597
4533.170803 3380039
4533.172953 3389562
4533.175601 3400528
4533.177998 3412504
4533.180578 3425549
4533.182728 3439102
4533.185172 3453366
4533.187885 3468547
4533.190177 3481643
4533.192984 3495893
4533.195157 3508189
4533.197793 3521568
4533.200172 3533017
4533.202848 3545695
4533.205292 3556973
4533.207856 3569388
4533.210204 3577695
4533.212812 3587558
4533.215180 3595907
4533.217485 3605477
4533.220052 3614100
4533.222520 3624096
4533.224965 3632688
4533.227546 3642761
4533.230116 3651567
4533.233882 3663014
4533.236201 3673071
4533.238875 3684526
4533.241219 3694566
4533.243867 3705981
4533.246218 3715837
4533.248839 3727055
4533.250978 3736635
4533.252338 3746357
4533.254837 3754763
4533.257380 3764643
4533.259887 3773234
4533.262372 3783181
4533.264862 3791936
4533.267247 3801928
4533.269755 3810699
4533.273506 3822087
4533.276008 3832091
4533.278502 3843280
4533.280996 3853100
4533.283251 3863873
4533.285746 3873410
4533.288269 3884220
4533.290761 3893821
4533.293253 3904692
4533.295761 3914269
4533.298266 3925121
4533.300764 3934585
4533.303270 3945349
4533.305780 3954889
4533.308270 3965702
4533.310768 3975471
4533.313292 3986524
4533.315786 3996213
4533.318048 4006937
4533.320533 4016164
4533.323043 4026706
4533.325573 4036074
4533.328047 4046720
4533.330550 4056012
4533.333090 4066621
4533.335572 4075952
4533.338076 4086551
4533.340461 4095746
4533.343210 4106522
4533.345583 4115970
4533.348080 4126712
4533.350317 4135925
4533.352906 4146562
4533.355351 4155813
4533.357917 4166460
4533.360383 4175616
4533.362884 4186103
4533.365329 4195387
4533.367891 4206050
4533.370421 4215360
4533.372929 4225962
4533.375343 4235182
4533.377954 4245817
4533.380436 4255432
4533.383050 4266408
4533.385127 4275561
4533.387690 4286078
4533.472259 4290276
4533.474642 4296303
4533.477252 4301755
4533.479623 4308872
4533.482237 4315199
4533.484727 4323196
4533.487248 4330277
4533.489364 4338562
4533.491974 4346038
4533.494481 4355069
4533.496975 4363367
4533.499349 4372987
4533.501853 4381341
4533.504357 4391133
4533.513309 4399804
4533.515700 4409758
4533.518192 4418529
4533.520642 4428624
4533.735410 4439594
4533.737922 4451676
4533.740528 4462756
4533.742909 4474805
4533.745618 4485436
4533.747887 4496981
4533.750456 4507278
4533.752791 4518592
4533.755181 4528338
4533.757814 4539476
4533.760321 4549601
4533.762818 4560931
4533.765201 4570810
4533.767699 4581928
4533.770320 4591590
4533.772821 4602518
4533.775207 4612202
4533.777732 4623176
4533.780216 4632467
4533.782747 4643102
4533.784994 4652521
4533.787502 4663251
4533.789969 4672495
4533.792637 4683231
4533.795203 4692831
4533.797528 4703537
4533.799980 4712690
4533.802479 4723177
4533.805005 4732465
4533.807483 4743052
4533.809983 4752268
4533.812488 4762805
4533.815129 4772322
4533.817258 4782717
4533.819698 4791734
4533.822255 4802158
4533.824759 4811438
4533.827260 4822038
4533.829644 4831414
4533.832262 4842215
4533.834706 4851541
4533.837212 4862184
4533.839726 4871586
4533.842250 4882310
4533.844992 4892012
4533.847232 4902716
4533.849499 4911799
4533.852009 4922216
4533.854551 4931339
4533.857155 4941891
4533.860783 4951026
4533.863290 4961502
4533.865786 4970870
4533.868266 4981527
4533.870694 4990627
4533.873440 5001310
4533.875785 5010683
4533.878452 5021525
4533.880810 5030748
4533.883182 5041167
4533.885565 5050339
4533.888085 5060843
4533.890534 5069903
4533.893062 5080339
4533.895597 5089875
4533.898015 5100615
4533.900544 5111182
4533.903070 5122911
4533.905698 5133351
4533.908023 5144784
4533.910553 5154813
4533.913018 5166007
4533.915285 5175610
4533.917720 5186413
4533.920346 5196046
4533.922848 5206952
4533.925280 5216453
4533.927841 5227279
4533.930319 5236890
4533.932852 5247795
4533.935362 5257375
4533.938023 5268386
4533.940356 5276635
4533.942787 5286260
4533.945358 5294776
4533.947935 5304775
4533.950089 5313229
4533.952752 5323258
4533.955129 5331922
4533.957620 5341960
4533.959976 5350892
4533.962619 5361317
4533.965138 5370497
4533.967642 5380996
4533.970164 5390233
4533.972644 5400773
4533.975151 5410019
4533.977640 5420564
4533.980099 5429810
4533.982246 5440008
4533.984931 5449139
4533.987262 5459429
4533.989842 5468547
4533.992221 5478852
4533.994936 5488139
4533.997299 5498588
4533.999919 5507877
4534.002305 5518351
4534.004866 5527593
4534.007307 5538077
4534.009804 5547315
4534.012285 5557851
4534.014560 5566880
4534.017190 5577374
4534.019694 5586564
4534.022195 5597068
4534.024719 5606336
4534.027233 5616921
4534.029747 5626455
4534.032053 5637073
4534.034707 5646583
4534.037245 5657403
4534.039624 5666780
4534.042290 5677611
4534.044744 5687034
4534.047006 5697507
4534.049509 5706748
4534.051953 5717231
4534.054466 5726461
4534.056880 5736896
4534.059522 5746137
4534.061949 5756594
4534.064539 5765953
4534.066997 5776555
4534.069515 5785866
4534.072044 5796499
4534.074504 5805947
4534.076981 5816666
4534.079301 5825619
4534.081637 5835739
4534.084305 5844955
4534.086553 5855230
4534.089041 5864247
4534.091691 5874754
4534.094189 5884234
4534.096751 5895064
4534.099226 5904467
4534.101719 5915134
4534.104117 5924455
4534.106681 5935139
4534.109274 5944568
4534.111685 5955181
4534.113944 5964285
4534.116337 5974595
4534.118858 5983695
4534.121397 5994159
4534.123870 6003379
4534.126430 6013971
4534.128917 6023197
4534.131379 6033700
4534.133875 6042904
4534.136391 6053440
4534.138999 6062795
4534.141463 6073403
4534.144945 6083793
4534.147485 6095403
4534.149906 6105375
4534.152452 6116615
4534.155112 6126667
4534.157406 6137722
4534.159918 6147320
4534.162477 6158215
4534.164876 6168157
4534.167363 6179316
4534.170061 6189240
4534.172394 6200229
4534.256857 6209759
4534.259467 6220675
4534.261876 6230268
4534.264350 6241087
4534.266853 6250516
4534.269260 6261143
4534.271910 6270749
4534.274295 6281512
4534.276827 6290878
4534.279354 6301577
4534.281583 6310692
4534.284061 6321108
4534.286557 6330246
4534.289128 6340780
4534.291628 6350401
4534.294097 6361261
4534.296571 6370668
4534.299136 6381439
4534.301730 6390971
4534.304052 6401608
4534.306655 6411051
4534.309004 6421641
4534.311590 6431136
4534.313993 6441805
4534.316462 6451145
4534.318986 6461815
4534.321519 6471206
4534.323886 6481744
4534.332649 6490832
4534.334988 6501095
4534.337633 6510347
4534.340066 6520847
4534.342616 6530126
4534.344991 6540592
4534.347533 6549867
4534.349910 6560328
4534.566113 6570949
4534.568464 6582562
4534.571091 6592863
4534.573593 6604342
4534.575923 6614158
4534.578579 6625373
4534.580698 6634955
4534.583323 6645937
4534.585701 6655242
4534.588372 6666019
4534.590710 6675551
4534.593353 6686510
4534.595711 6695915
4534.598342 6706750
4534.600707 6716288
4534.603207 6727107
4534.605713 6736712
4534.608217 6747593
4534.610706 6756997
4534.612981 6767471
4534.615602 6776780
4534.617986 6787276
4534.620598 6796601
4534.622979 6807097
4534.625606 6816577
4534.627980 6827198
4534.630596 6836657
4534.633144 6847452
4534.635713 6856878
4534.638066 6867451
4534.640642 6876805
4534.643031 6887354
4534.645288 6896477
4534.647777 6906919
4534.650419 6916189
4534.652824 6926655
4534.655398 6935967
4534.657797 6946482
4534.660442 6955828
4534.662773 6966308
4534.665407 6975888
4534.669102 6987930
4534.670285 6997180
4534.672777 7007720
4534.675354 7017100
4534.677725 7027649
4534.680108 7036623
4534.682656 7046996
4534.685047 7055914
4534.687738 7066374
4534.690192 7075703
4534.692680 7086321
4534.695202 7095714
4534.697628 7106325
4534.700111 7115628
4534.702699 7126326
4534.705222 7135708
4534.707744 7146408
4534.710133 7155722
4534.713609 7167320
4534.716188 7177576
4534.718559 7188892
4534.721126 7198885
4534.723639 7210113
4534.726332 7220012
4534.728689 7230988
4534.731194 7241013
4534.733590 7252149
4534.736095 7261989
4534.738829 7273302
4534.741107 7282952
4534.743367 7293624
4534.745895 7303018
4534.748381 7313695
4534.750794 7322979
4534.753554 7333823
4534.755888 7343300
4534.758370 7354046
4534.760872 7363363
4534.763376 7373991
4534.766019 7383524
4534.768367 7394187
4534.770868 7403543
4534.773379 7414222
4534.775639 7423331
4534.778135 7433768
4534.780599 7442867
4534.783185 7453393
4534.785639 7462333
4534.788108 7472599
4534.790482 7481751
4534.793109 7492348
4534.795743 7502021
4534.798113 7512832
4534.800493 7522184
4534.802991 7532842
4534.805766 7542413
4534.808122 7553113
4534.810377 7562162
4534.812772 7572448
4534.816640 7581715
4534.817865 7591022
4534.821658 7600481
4534.822912 7609984
4534.825264 7618179
4534.827874 7627933
4534.830552 7636697
4534.834024 7647811
4534.836787 7657892
4534.839219 7669115
4534.841432 7678434
4534.843909 7689040
4534.846470 7698562
4534.848818 7709214
4534.851418 7718484
4534.853938 7729082
4534.856464 7738565
4534.858971 7749335
4534.861596 7759048
4534.864037 7769960
4534.866661 7779774
4534.869060 7790735
4534.871598 7800366
4534.873925 7811091
4534.876309 7820445
4534.878958 7831251
4534.881255 7840501
4534.883934 7851247
4534.886315 7860516
4534.888742 7871009
4534.891231 7880313
4534.893818 7891016
4534.896281 7900343
4534.898829 7911025
4534.901337 7920380
4534.903979 7931176
4534.906348 7940394
4534.908590 7950664
4534.911034 7959806
4534.913729 7970473
4534.916053 7979628
4534.918408 7989949
4534.921055 7999209
4534.923646 8009878
4534.926144 8019470
4534.928664 8030358
4534.930903 8039711
4534.933653 8050618
4534.936116 8060026
4534.938725 8070840
4534.940699 8079800
4534.943344 8090259
4534.945937 8099600
4534.948423 8110233
4534.950826 8119398
4534.953387 8129936
4534.955893 8139232
4534.958396 8149843
4534.960879 8159105
4534.963413 8169710
4534.965871 8178967
4534.968365 8189524
4534.970855 8198626
4534.973364 8209069
4534.975441 8217982
4534.978033 8228336
4534.980601 8237573
4534.983019 8248048
4534.985539 8257181
4534.988081 8267681
4534.990645 8276896
4534.993051 8287338
4534.995485 8296781
4534.997956 8307490
4535.003100 8319367
4535.007743 8332018
4535.012778 8345638
4535.017752 8360175
4535.022867 8375367
4535.028009 8391283
4535.032874 8407570
4535.037767 8424191
4535.042647 8441136
4535.047517 8458324
4535.052663 8476021
4535.057550 8493936
4535.062538 8512450
4535.067549 8530971
4535.072555 8549855
4535.077346 8568592
4535.082315 8587578
4535.087306 8606459
4535.092330 8625643
4535.097330 8644814
4535.102333 8664206
4535.107401 8683673
4535.112152 8703024
4535.117298 8722604
4535.122315 8742272
4535.127251 8762145
4535.132242 8781894
4535.137190 8801618
4535.141891 8821074
4535.148235 8841921
4535.153202 8862606
4535.158151 8883145
4535.163152 8903815
4535.168145 8924242
4535.173103 8944535
4535.177913 8964723
4535.183057 8984866
4535.188074 9005045
4535.192958 9025331
4535.197956 9045576
4535.203111 9066001
4535.207896 9086145
4535.212857 9106330
4535.217845 9126301
4535.222883 9146408
4535.227838 9166371
4535.232848 9186391
4535.237465 9205987
4535.242481 9225641
4535.247526 9245423
4535.252525 9265253
4535.257540 9285283
4535.281045 9323995
4535.286204 9342844
4535.291992 9365061
4535.296064 9388512
4535.300862 9413777
4535.305799 9440761
4535.310845 9469367
4535.315766 9499288
4535.320832 9530503
4535.325795 9560795
4535.330819 9589802
4535.335593 9617326
4535.340541 9643948
4535.345600 9670089
4535.350600 9695548
4535.355685 9720402
4535.360692 9744604
4535.365317 9767951
4535.370329 9790794
4535.375454 9813413
4535.380480 9835795
4535.385378 9857763
4535.390516 9879637
4535.395133 9900785
4535.400429 9922122
4535.405145 9942024
4535.410227 9961995
4535.415144 9981965
4535.420137 10001887
4535.425157 10021673
4535.430065 10041604
4535.435054 10061519
4535.440075 10081403
4535.445055 10101389
4535.450112 10121435
4535.454925 10141092
4535.459709 10160752
4535.529289 10163055
4535.534464 10167636
4535.539413 10174177
4535.544420 10182439
4535.549401 10192140
4535.554053 10202882
4535.559119 10214647
4535.565304 10228794
4535.570415 10243747
4535.575319 10259208
4535.580386 10275573
4535.585063 10292098
4535.590090 10309085
4535.595404 10326691
4535.600224 10344407
4535.605157 10362377
4535.610275 10380750
4535.615142 10399124
4535.619863 10417334
4535.624950 10435988
4535.629886 10454664
4535.635049 10473798
4535.639889 10492818
4535.645013 10512158
4535.649748 10531345
4535.654753 10550604
4535.659791 10569993
4535.664782 10589566
4535.676082 10609264
4535.680949 10629017
4535.685957 10648677
4535.690857 10668346
4535.695724 10687872
4535.700728 10707583
4535.705746 10727310
4535.710929 10747377
4535.930511 10768296
4535.935483 10789232
4535.940455 10809863
4535.945457 10830414
4535.950342 10850987
4535.955393 10871355
4535.960320 10892006
4535.965539 10912660
4535.970250 10933059
4535.975226 10953193
4535.980263 10973506
4535.985007 10993437
4535.989989 11013497
4535.994980 11033397
4536.000025 11053491
4536.005191 11073750
4536.010071 11093844
4536.014923 11113768
4536.019853 11133656
4536.024828 11153731
4536.029919 11173784
4536.034840 11193847
4536.039842 11213796
4536.044849 11233895
4536.049605 11253608
4536.054733 11273618
4536.059732 11293519
4536.064760 11313410
4536.069704 11333188
4536.074766 11353199
4536.079549 11372924
4536.084359 11392589
4536.089419 11412609
4536.094529 11432751
4536.099533 11452740
4536.104513 11472801
4536.109462 11492728
4536.114304 11512610
4536.119314 11532371
4536.124317 11552331
4536.129170 11572016
4536.135444 11591821
4536.140523 11613046
4536.145238 11633836
4536.150206 11654423
4536.155363 11675223
4536.160166 11695845
4536.165182 11716357
4536.170182 11736904
4536.175034 11757050
4536.180009 11777200
4536.184934 11797270
4536.191209 11818569
4536.196227 11839808
4536.201218 11860885
4536.206250 11881767
4536.210987 11902262
4536.215995 11922696
4536.219895 11942086
4536.224760 11960433
4536.231331 11980486
4536.236059 12000391
4536.240787 12019970
4536.245785 12039586
4536.250982 12059230
4536.255852 12078951
4536.260865 12098714
4536.265872 12118623
4536.270625 12138291
4536.275633 12157744
4536.280659 12177517
4536.285641 12197566
4536.290657 12217587
4536.295775 12237748
4536.300782 12257982
4536.305537 12277659
4536.310540 12297568
4536.315554 12317521
4536.320547 12337471
4536.325558 12357418
4536.330592 12377242
4536.335566 12397253
4536.340320 12417018
4536.345327 12436818
4536.350453 12457002
4536.355462 12477175
4536.360461 12497365
4536.365474 12517455
4536.370105 12537210
4536.375098 12557028
4536.382251 12579154
4536.385782 12599419
4536.390143 12618876
4536.394872 12638262
4536.400004 12657978
4536.404772 12677498
4536.409672 12696698
4536.414766 12716242
4536.419753 12736065
4536.424846 12756098
4536.431093 12776023
4536.435937 12797083
4536.440731 12816502
4536.445735 12837250
4536.450728 12858039
4536.455702 12878603
4536.460713 12898925
4536.465746 12918263
4536.470645 12937324
4536.475484 12956401
4536.480563 12975959
4536.485361 12995403
4536.490424 13014915
4536.495419 13034638
4536.500391 13054269
4536.505157 13073677
4536.510141 13093102
4536.515275 13112731
4536.520300 13132307
4536.525115 13151790
4536.530330 13171449
4536.535266 13191158
4536.540036 13210633
4536.544920 13230240
4536.549895 13250013
4536.555015 13269778
4536.560019 13289786
4536.564981 13309576
4536.570112 13329642
4536.574766 13349429
4536.579743 13369238
4536.586084 13390312
4536.590999 13411207
4536.596056 13431999
4536.601064 13452691
4536.606102 13473192
4536.610859 13493516
4536.615951 13514149
4536.620828 13534613
4536.625847 13554870
4536.630993 13575392
4536.636015 13596041
4536.640524 13615943
4536.645764 13636034
4536.650816 13656162
4536.655627 13676064
4536.660652 13696251
4536.665597 13716132
4536.670592 13736060
4536.675583 13755874
4536.680463 13776087
4536.685306 13796005
4536.690441 13815969
4536.695491 13836003
4536.700278 13855917
4536.705422 13875916
4536.710092 13895579
4536.715118 13915319
4536.720071 13935059
4536.725058 13954750
4536.730192 13974657
4536.735097 13994522
4536.740105 14014424
4536.744983 14034197
4536.749919 14054376
4536.754917 14074427
4536.759958 14094450
4536.764848 14114441
4536.769843 14134372
4536.774962 14154397
4536.779909 14174321
4536.784599 14194041
4536.789613 14213855
4536.794607 14233747
4536.802177 14253571
4536.807079 14275753
4536.812100 14295584
4536.816959 14317726
4536.821924 14337120
4536.826964 14359088
4536.831880 14378295
4536.837009 14400156
4536.841924 14419164
4536.847005 14440792
4536.851712 14459364
4536.856761 14480624
4536.861699 14499310
4536.866744 14520609
4536.871779 14539512
4536.876649 14560883
4536.881586 14579660
4536.886469 14600902
4536.891455 14619699
4536.896465 14641120
4536.901472 14659733
4536.906491 14680942
4536.911455 14699668
4536.916175 14720689
4536.921137 14739149
4536.926140 14760236
4536.931048 14778657
4536.936151 14799783
4536.941198 14818400
4536.946081 14839496
4536.951019 14858195
4536.955994 14879495
4536.960979 14898188
4536.966089 14919623
4536.971016 14938328
4536.976172 14959765
4536.981163 14978571
4536.985895 14999659
4536.990899 15018240
4536.995771 15039303
4537.000810 15057837
4537.005758 15078949
4537.010704 15097336
4537.015575 15118237
4537.020620 15136894
4537.025607 15158147
4537.030619 15176665
4537.035617 15197798
4537.040524 15216248
4537.046751 15238524
4537.051631 15258052
4537.056516 15279981
4537.061558 15299265
4537.066457 15320994
4537.071562 15340206
4537.076591 15361988
4537.080441 15380254
4537.085161 15400899
4537.091503 15419020
4537.096426 15439758
4537.101500 15458053
4537.106298 15478817
4537.111279 15497059
4537.116227 15517916
4537.121210 15536192
4537.127373 15558304
4537.132454 15577771
4537.137307 15599583
4537.142306 15618786
4537.147459 15640694
4537.261454 15656979
4537.266496 15676211
4537.271533 15698011
4537.276494 15721967
4537.281344 15747692
4537.286189 15774978
4537.291230 15803803
4537.296564 15834275
4537.301407 15865704
4537.306461 15898183
4537.311106 15931184
4537.316080 15964951
4537.322465 16000767
4537.327306 16036866
4537.332316 16073391
4537.337281 16110244
4537.342073 16147209
4537.347161 16184559
4537.350791 16220797
4537.355841 16257528
4537.362181 16295977
4537.365927 16333337
4537.372212 16372289
4537.377173 16411304
4537.382092 16450331
4537.387052 16489409
4537.391908 16528432
4537.396851 16567493
4537.401871 16606666
4537.406984 16646028
4537.411990 16685448
4537.416967 16724888
4537.421649 16764050
4537.426752 16803395
4537.431616 16842659
4537.436622 16881991
4537.441626 16921292
4537.446652 16960679
4537.451390 16999855
4537.456450 17039168
4537.461382 17078469
4537.466395 17113956
4537.471562 17150159
4537.476445 17181943
4537.481575 17214871
4537.486128 17243312
4537.491200 17273255
4537.496250 17299459
4537.501066 17327179
4537.506225 17351717
4537.511273 17378224
4537.516235 17401320
4537.521054 17426336
4537.526009 17448221
4537.531107 17472446
4537.536011 17493532
4537.541146 17517090
4537.545997 17537828
4537.551177 17561142
4537.555710 17581143
4537.560792 17603710
4537.565828 17623443
4537.570872 17645739
4537.575837 17665231
4537.581161 17687597
4537.585902 17706841
4537.591364 17729119
4537.595627 17747888
4537.600838 17769508
4537.605694 17788672
4537.610810 17810545
4537.615669 17829538
4537.621000 17851473
4537.625644 17870200
4537.630800 17891726
4537.635576 17910317
4537.640869 17931854
4537.645761 17950659
4537.650602 17971884
4537.655722 17990497
4537.660575 18011566
4537.665244 18030169
4537.670355 18051520
4537.675320 18069895
4537.680425 18091047
4537.685401 18109855
4537.690429 18131299
4537.695356 18149951
4537.700216 18171103
4537.705236 18189748
4537.710175 18210970
4537.715185 18229595
4537.720234 18250912
4537.725142 18269476
4537.730279 18290825
4537.734778 18309124
4537.739973 18330288
4537.744756 18348572
4537.749923 18369677
4537.754736 18387997
4537.759943 18409158
4537.764767 18427660
4537.769719 18448762
4537.774528 18467019
4537.779737 18488173
4537.784659 18506760
4537.789729 18528018
4537.794535 18546731
4537.800074 18568580
4537.804322 18522436
4537.809308 18486983
4537.814359 18455900
4537.819333 18433586
4537.824248 18414105
4537.829451 18402182
4537.834270 18391657
4537.840441 18388549
4537.844035 18384499
4537.849055 18385885
4537.854182 18387679
4537.859026 18394039
4537.864130 18399693
4537.869121 18409539
4537.873989 18416973
4537.880084 18429543
4537.885238 18440573
4537.890164 18455069
4537.895155 18467892
4537.900095 18483974
4537.904894 18497885
4537.909898 18514946
4537.914808 18530275
4537.919908 18548759
4537.924941 18564945
4537.928767 18582891
4537.934924 18599472
4537.939634 18618661
4537.944680 18635712
4537.986802 18692715
4538.707232 18676634
4538.709764 18665081
4538.712092 18657280
4538.714301 18652643
4538.716742 18651007
4538.719335 18652150
4538.721902 18655699
4538.724341 18661224
4538.726887 18668595
4538.729393 18677542
4538.731912 18687880
4538.734348 18699351
4538.736720 18711751
4538.739461 18725332
4538.741793 18739538
4538.744418 18754583
4538.749166 18772486
4538.755310 18794276
4538.760431 18818440
4538.765476 18844584
4538.770462 18869360
4538.775414 18895979
4538.780151 18923995
4538.785220 18948865
4538.790123 18975519
4538.793872 18997477
4538.799014 19021818
4538.805287 19049378
4538.810274 19073742
4538.814967 19099737
4538.819960 19122602
4538.825103 19147733
4538.829910 19174517
4538.834958 19197947
4538.839964 19223434
4538.844875 19250625
4538.849779 19274389
4538.854754 19300131
4538.859736 19322621
4538.864655 19347143
4538.869638 19367321
4538.875350 19385845
4539.331738 19138705
4539.332850 18923544
4539.334290 18736694
4539.335365 18574255
4539.336751 18421192
4539.338000 18288502
4539.339219 18173612
4539.340376 18074234
4539.341539 17988434
4539.342753 17914568
4539.344003 17851178
4539.345261 17796964
4539.346318 17750577
4539.347732 17711397
4539.349018 17678391
4539.350235 17650725
4539.352671 17628947
4539.355263 17612471
4539.357810 17600586
4539.360270 17592637
4539.362775 17588175
4539.365336 17586820
4539.367807 17588093
4539.370304 17591691
4539.372635 17597158
4539.375069 17604364
4539.377391 17612979
4539.380043 17623157
4539.382456 17634465
4539.385045 17646934
4539.387259 17660040
4539.390531 17674772
4539.394274 17691394
4539.396364 17708018
4539.919975 17443189
4539.922476 17213952
4539.924981 17015863
4539.927289 16844835
4539.929878 16697766
4539.933678 16572869
4539.936181 16466078
4539.938686 16375131
4539.941253 16298109
4539.943504 16232957
4539.946003 16178438
4539.948384 16133105
4539.951010 16096047
4539.953391 16065984
4539.955934 16042203
4539.958353 16023793
4539.963400 16012713
4539.968558 16008146
4539.973536 16009109
4539.978294 16014689
4539.983300 16024559
4539.988260 16038134
4539.993311 16055044
4539.998183 16074693
4540.003119 16096792
4540.008129 16121100
4540.013105 16147311
4540.017996 16175109
4540.023006 16204422
4540.028005 16235051
4540.032927 16266752
4540.037948 16299491
4540.042936 16333106
4540.047769 16367333
4540.052739 16402214
4540.057800 16437717
4540.062704 16473668
4540.067941 16510339
4540.072696 16547163
4540.077824 16584493
4540.082620 16621935
4540.087557 16659609
4540.092502 16697481
4540.097462 16735541
4540.102484 16773827
4540.107518 16812343
4540.112617 16851124
4540.117266 16889687
4540.122274 16928419
4540.127312 16967327
4540.132285 17006326
4540.137393 17045529
4540.142462 17084861
4540.147147 17123924
4540.152155 17163084
4540.157088 17202264
4540.162041 17241478
4540.167115 17280846
4540.171937 17320096
4540.177066 17359546
4540.181796 17398772
4540.186853 17438114
4540.191824 17477471
4540.196872 17516926
4540.201876 17556433
4540.206922 17596028
4540.211992 17635725
4540.216732 17675179
4540.221710 17714660
4540.226750 17754226
4540.231693 17793751
4540.236749 17833354
4540.241505 17872725
4540.246540 17912189
4540.251321 17951483
4540.256405 17990929
4540.261454 18030472
4540.266509 18070108
4540.271421 18109683
4540.276415 18149273
4540.281121 18188575
4540.286101 18227879
4540.291130 18267279
4540.296102 18306706
4540.301086 18346168
4540.306094 18385685
4540.311385 18425536
4540.316121 18465107
4540.320979 18504546
4540.325987 18544024
4540.332144 18584704
4540.337132 18625262
4540.342108 18665708
4540.347145 18706112
4540.351985 18746284
4540.356868 18786296
4540.360622 18825022
4540.365684 18863930
4540.370702 18902954
4540.376794 18943172
4540.381981 18983528
4540.386647 19023485
4540.391749 19063530
4540.396712 19103511
4540.401662 19143423
4540.406724 19183368
4540.411599 19223155
4540.416750 19263086
4540.421784 19303036
4540.426488 19342677
4540.430195 19381047
4540.432774 19417180
4540.435251 19451252
4540.437771 19483561
4540.440258 19514280
4540.442787 19543642
4540.445268 19571772
4540.447634 19598731
4540.450133 19624797
4540.452741 19650192
4540.455220 19674869
4540.457722 19698943
4540.460070 19722332
4540.462530 19745219
4540.464951 19767628
4540.467494 19789738
4540.470125 19811664
4540.472359 19833063
4540.475119 19854523
4540.477410 19875572
4540.479962 19896511
4540.482449 19917282
4540.484910 19937878
4540.487390 19958354
4540.489867 19978728
4540.492132 19998800
4540.494652 20018864
4540.497143 20038892
4540.499911 20059165
4540.502149 20079116
4540.504816 20099202
4540.507133 20119053
4540.509713 20138973
4540.512167 20158840
4540.514659 20178698
4540.517153 20198546
4540.519652 20218393
4540.522140 20238228
4540.524684 20258109
4540.526920 20277716
4540.529423 20297339
4540.531928 20316975
4540.534429 20336622
4540.536925 20356288
4540.539610 20376160
4540.541954 20395873
4540.544591 20415739
4540.547112 20435623
4540.549615 20455505
4540.552094 20475342
4540.554619 20495185
4540.557104 20514997
4540.559693 20534903
4540.561718 20554326
4540.564281 20573866
4540.566724 20593384
4540.569199 20612916
4540.571715 20632503
4540.574225 20652124
4540.576716 20671745
4540.579380 20691538
4540.581804 20711228
4540.584205 20730838
4540.586742 20750514
4540.589483 20770451
4540.591810 20790205
4540.594290 20809939
4540.596382 20829261
4540.599082 20848830
4540.601607 20868452
4540.604082 20888076
4540.606540 20907685
4540.609108 20927391
4540.611482 20946989
4540.614629 20956423
4541.402424 20339008
4541.403703 19800029
4541.405148 19329854
4541.918033 18911645
4541.920161 18547790
4541.922662 18229466
4541.925291 17953507
4541.927667 17711967
4541.930298 17503194
4541.932798 17320772
4541.935219 17163528
4541.937800 17025985
4541.940337 16908132
4541.944059 16804962
4541.946562 16717149
4541.949063 16640354
4541.951141 16575192
4541.953823 16518375
4541.956294 16471097
4541.961183 16432105
4541.966334 16400888
4541.971352 16376090
4541.976309 16356964
4541.981351 16342649
4541.986174 16332564
4541.991044 16326069
4541.996057 16322967
4542.003621 16322783
4542.008627 16327542
4542.013627 16331634
4542.018383 16339928
4542.023389 16347254
4542.028263 16358461
4542.033425 16368749
4542.038403 16382662
4542.043435 16394928
4542.048162 16410321
4542.053167 16423874
4542.058172 16440648
4542.063306 16455528
4542.068306 16473484
4542.073313 16489394
4542.078192 16508120
4542.084223 16525675
4542.089209 16545956
4542.094202 16563755
4542.099224 16584315
4542.102969 16601109
4542.107977 16620771
4542.112850 16637999
4542.117761 16657939
4542.123902 16676560
4542.128998 16697908
4542.133903 16716534
4542.138827 16737704
4542.143912 16756429
4542.148890 16777750
4542.153516 16796049
4542.158651 16817130
4542.163526 16835528
4542.168660 16856625
4542.173673 16875419
4542.178671 16896830
4542.183334 16915285
4542.188424 16936478
4542.195683 16957240
4542.198770 16978426
4542.203204 16996577
4542.208201 17017384
4542.213441 17035641
4542.218274 17056403
4542.223175 17074763
4542.230640 17098214
4542.342370 16682692
4542.344835 16321558
4542.347362 16008056
4542.349908 15736251
4542.352119 15500591
4542.357162 15299422
4542.362131 15128356
4542.367203 14983733
4542.372181 14862151
4542.377146 14760719
4542.382231 14677041
4542.386947 14608526
4542.391902 14553521
4542.396864 14510336
4542.401999 14477639
4542.407041 14454025
4542.412011 14438311
4542.417074 14429614
4542.421767 14426670
4542.426803 14429117
4542.431811 14436256
4542.436785 14447464
4542.441700 14462174
4542.446662 14479997
4542.451874 14500768
4542.456734 14523758
4542.461777 14548877
4542.466816 14575887
4542.471506 14604198
4542.476517 14633967
4542.481515 14665005
4542.486459 14697095
4542.491463 14730166
4542.496430 14764059
4542.501564 14798838
4542.506291 14833984
4542.511309 14869714
4542.516222 14905845
4542.521524 14942732
4542.526377 14979848
4542.531332 15017269
4542.536388 15055056
4542.541134 15092854
4542.547344 15132126
4542.552267 15171400
4542.557280 15210765
4542.562440 15250359
4542.567398 15289950
4542.572330 15329491
4542.575783 15367496
4542.580793 15405721
4542.585801 15444164
4542.591974 15483965
4542.597026 15523832
4542.602068 15563740
4542.607036 15603617
4542.611740 15643201
4542.616832 15682918
4542.621801 15722629
4542.626865 15762427
4542.631846 15802220
4542.636843 15841999
4542.641881 15881803
4542.646564 15921272
4542.651597 15960813
4542.656621 16000425
4542.661460 16039911
4542.666599 16079585
4542.671609 16119297
4542.676655 16159081
4542.681391 16198615
4542.686347 16238152
4542.691436 16277806
4542.696341 16317362
4542.701362 16356954
4542.706343 16396566
4542.711439 16436311
4542.716128 16475764
4542.721192 16515340
4542.726027 16554791
4542.731124 16594392
4542.737593 16635502
4542.740964 16674836
4542.745939 16714213
4542.750830 16753513
4542.755729 16792754
4542.760759 16832096
4542.765860 16871609
4542.770915 16911227
4542.775853 16950819
4542.780966 16990563
4542.785559 17029921
4542.790506 17069294
4542.795512 17108741
4542.800556 17148289
4542.805519 17187819
4542.810535 17227376
4542.815594 17267013
4542.820344 17306434
4542.825293 17345865
4542.830355 17385418
4542.835303 17424963
4542.840364 17464611
4542.845372 17504298
4542.850341 17543980
4542.855131 17583480
4542.860187 17623055
4542.865081 17662534
4542.870249 17702217
4542.875123 17741794
4542.880148 17781436
4542.885221 17821183
4542.889901 17860627
4542.895062 17900287
4542.899817 17939730
4542.904787 17979198
4542.909937 18018864
4542.914801 18058389
4542.919907 18098055
4542.924797 18137609
4542.929585 18176995
4542.934708 18216572
4542.939554 18256035
4542.944705 18295704
4542.949702 18335401
4542.954675 18375099
4542.959327 18414475
4542.965712 18455301
4542.970579 18495881
4542.974478 18535263
4542.979410 18574609
4542.984418 18614018
4542.989400 18653448
4542.994138 18692676
4542.999169 18732019
4543.004117 18771373
4543.010455 18812133
4543.015479 18852810
4543.020560 18893470
4543.025576 18934053
4543.030204 18974175
4543.035208 19014241
4543.040194 19054240
4543.045219 19094240
4543.050221 19134232
4543.055391 19174382
4543.060228 19214339
4543.065113 19254175
4543.069994 19293901
4543.075107 19333763
4543.080098 19373622
4543.085012 19413401
4543.089914 19453081
4543.094979 19492816
4543.099828 19532393
4543.104812 19571978
4543.109877 19611670
4543.114889 19651401
4543.119905 19691169
4543.124756 19730805
4543.129410 19770130
4543.134420 19809537
4543.139422 19849002
4543.144437 19888504
4543.149413 19927997
4543.154444 19967565
4543.159487 20007218
4543.164194 20046610
4543.169379 20086250
4543.174413 20125958
4543.179454 20165732
4543.184386 20205453
4543.193338 20249151
4544.680381 19659560
4544.683051 19146282
4544.685531 18699569
4544.687849 18310981
4544.690187 17973283
4544.692765 17680354
4544.695335 17426599
4544.697746 17206964
4544.700236 17017261
4544.702743 16853768
4544.705310 16713267
4544.707745 16592752
4544.710181 16489727
4544.712732 16402119
4544.715257 16327977
4544.717755 16265587
4544.723706 16216925
4544.728746 16179343
4544.733747 16151430
4544.738749 16131985
4544.743630 16119829
4544.748758 16114299
4544.753912 16114591
4544.758542 16119436
4544.762276 16127369
4544.768566 16140577
4544.773613 16157158
4544.778649 16176679
4544.783623 16198701
4544.788634 16222941
4544.793265 16248760
4544.798268 16276332
4544.803216 16305383
4544.808383 16335935
4544.813247 16367493
4544.818447 16400284
4544.823171 16433676
4544.828205 16467906
4544.833052 16502601
4544.838036 16537921
4544.843043 16573787
4544.848181 16610286
4544.853204 16647223
4544.857949 16684260
4544.862906 16721586
4544.867944 16759262
4544.872924 16797187
4544.878026 16835434
4544.882845 16873693
4544.888047 16912345
4544.892668 16950755
4544.897780 16989453
4544.902562 17028076
4544.907708 17066982
4544.912598 17105896
4544.917705 17145031
4544.922571 17184105
4544.927369 17223073
4544.932454 17262230
4544.937446 17301458
4544.942360 17340678
4544.947356 17379960
4544.952371 17419328
4544.957387 17458771
4544.962166 17498032
4544.967139 17537332
4544.972095 17576657
4544.977130 17616072
4544.982150 17655550
4544.987169 17695095
4544.992159 17734656
4544.996931 17774018
4545.001901 17813408
4545.006770 17852712
4545.012002 17892315
4545.016842 17931776
4545.021857 17971298
4545.026844 18010837
4545.031616 18050120
4545.036662 18089510
4545.041610 18123979
4545.046635 18159149
4545.051623 18190033
4545.056655 18222068
4545.061691 18250255
4545.066542 18279755
4545.071455 18305463
4545.076424 18332907
4545.081468 18356886
4545.086464 18382846
4545.091432 18405492
4545.096485 18430340
4545.101281 18451947
4545.106269 18475824
4545.111287 18496645
4545.116282 18519839
4545.121160 18540443
4545.126187 18563479
4545.131139 18583651
4545.136014 18606139
4545.141059 18625903
4545.147214 18649336
4545.152201 18669795
4545.157292 18692768
4545.162321 18712958
4545.167247 18735535
4545.170804 18753848
4545.175840 18774887
4545.180811 18793228
4545.185739 18814180
4545.192202 18834249
4545.197084 18856672
4545.201984 18876264
4545.206841 18898247
4545.211873 18917468
4545.216728 18939123
4545.221981 18958396
4545.226733 18979996
4545.231829 18998945
4545.236751 19020425
4545.406949 18852915
4545.409566 18708922
4545.411468 18584781
4545.414100 18478713
4545.416505 18388259
4545.419169 18311743
4545.421620 18247209
4545.424014 18193101
4545.426471 18148153
4545.429262 18111570
4545.431636 18081897
4545.434180 18058418
4545.436572 18040225
4545.439114 18026810
4545.441550 18017472
4545.444223 18011940
4545.446415 18009258
4545.448935 18009399
4545.451408 18011961
4545.453818 18016576
4545.456347 18023029
4545.458810 18031104
4545.461290 18040617
4545.463866 18051482
4545.466335 18063424
4545.469127 18076631
4545.471414 18090440
4545.473875 18104948
4545.476423 18120156
4545.478714 18135722
4545.481199 18151794
4545.483633 18168255
4545.486272 18185263
4545.488577 18202417
4545.491079 18219895
4545.493671 18237747
4545.496142 18255793
4545.498617 18273977
4545.501102 18292308
4545.503614 18310827
4545.506185 18329570
4545.508650 18348401
4545.511086 18367268
4545.513479 18386096
4545.515959 18405000
4545.518476 18424024
4545.520930 18443090
4545.523452 18462265
4545.532925 18488460
4547.105975 17751778
4547.107224 17108397
4547.108483 16546672
4547.109625 16056277
4547.110868 15628393
4547.112014 15255114
4547.113283 14929738
4547.114522 14646248
4547.115774 14399421
4547.116896 14184543
4547.118274 13997878
4547.119352 13835598
4547.120715 13694941
4547.122105 13573230
4547.123314 13467917
4547.124622 13377050
4547.127107 13300001
4547.129528 13234952
4547.134530 13182986
4547.139570 13142504
4547.144243 13111704
4547.149250 13089709
4547.154231 13075394
4547.159200 13067786
4547.164223 13066101
4547.169192 13069547
4547.174252 13077573
4547.179010 13089303
4547.184073 13104580
4547.189260 13123082
4547.194267 13144218
4547.199298 13167692
4547.204298 13193180
4547.209164 13220297
4547.213560 13248255
4547.218324 13277345
4547.223238 13307699
4547.228280 13339282
4547.233254 13371880
4547.238150 13405285
4547.243081 13439432
4547.248037 13474217
4547.253178 13509737
4547.258209 13545809
4547.263199 13582346
4547.268194 13619296
4547.272975 13656394
4547.277974 13693839
4547.283014 13731630
4547.287985 13769653
4547.292814 13807737
4547.297842 13846072
4547.302895 13884654
4547.307587 13923050
4547.312629 13961633
4547.317650 14000378
4547.322644 14039254
4547.327610 14078223
4547.332697 14117394
4547.337696 14156651
4547.342429 14195720
4547.347602 14235064
4547.352504 14274377
4547.357431 14313688
4547.362443 14353063
4547.367583 14392602
4547.372257 14431817
4547.377260 14471116
4547.382216 14510446
4547.387298 14549927
4547.392243 14589404
4547.397361 14629048
4547.402283 14668645
4547.407173 14708168
4547.411999 14747561
4547.416953 14786969
4547.421994 14826478
4547.426986 14865986
4547.431964 14905442
4547.436832 14944814
4547.441772 14984191
4547.446736 15023593
4547.451995 15063316
4547.457039 15103106
4547.461681 15142549
4547.466688 15182054
4547.471467 15221386
4547.476486 15260805
4547.481460 15300254
4547.486609 15339867
4547.491478 15379343
4547.496494 15418866
4547.501256 15458196
4547.506256 15497595
4547.511392 15537191
4547.516402 15576833
4547.521465 15616568
4547.526453 15656309
4547.532463 15697080
4547.537406 15737682
4547.542428 15778217
4547.547305 15818520
4547.551061 15857517
4547.555936 15896459
4547.560981 15935537
4547.565843 15974575
4547.572135 16015016
4547.577038 16055288
4547.581993 16095467
4547.586965 16135582
4547.592076 16175781
4547.597203 16216066
4547.601910 16256006
4547.606883 16295915
4547.611823 16335737
4547.616879 16375579
4547.621871 16415383
4547.627037 16455363
4547.631606 16494900
4547.636681 16534556
4547.641788 16574348
4547.646580 16613944
4547.651648 16653645
4547.656592 16693313
4547.662233 16733625
4549.246369 16433064
4549.249011 16172665
4549.251459 15947257
4549.254066 15752627
4549.256461 15584715
4549.258642 15439967
4549.261180 15315847
4549.263830 15209872
4549.266286 15119578
4549.268787 15043048
4549.271139 14978418
4549.273798 14924503
4549.276408 14879924
4549.278762 14843265
4549.281366 14813786
4549.283879 14790500
4549.288905 14775146
4549.293624 14766417
4549.298692 14763836
4549.303649 14766523
4549.308690 14773901
4549.313516 14785170
4549.319904 14801406
4549.324614 14820312
4549.328628 14840832
4549.333435 14863549
4549.338508 14888460
4549.343388 14915125
4549.348254 14943311
4549.354512 14974221
4549.359516 15006260
4549.364448 15039216
4549.369488 15073080
4549.374373 15107583
4549.379275 15142658
4549.384416 15178437
4549.389184 15214454
4549.394053 15250819
4549.399186 15287759
4549.404199 15325085
4549.409074 15362609
4549.414090 15400441
4549.419190 15438637
4549.423998 15476854
4549.428867 15515153
4549.433831 15553616
4549.438849 15592278
4549.443865 15631081
4549.448848 15669969
4549.453644 15708764
4549.458649 15747703
4549.463652 15786767
4549.468652 15825937
4549.473638 15865179
4549.478704 15904572
4549.483739 15944065
4549.488619 15983486
4549.493624 16022977
4549.498546 16062425
4549.503632 16102006
4549.508604 16141566
4549.513594 16181137
4549.518524 16220680
4549.523183 16259927
4549.528291 16299367
4549.533200 16338772
4549.538212 16378252
4549.543267 16417841
4549.548347 16457549
4549.553023 16496959
4549.558026 16536431
4549.563032 16575928
4549.568019 16615430
4549.573023 16654975
4549.578016 16694559
4549.582989 16734156
4549.587794 16773597
4549.592746 16813049
4549.597806 16852616
4549.602793 16892213
4549.607782 16931837
4549.612674 16971384
4549.617802 17011081
4549.622583 17050551
4549.627557 17090033
4549.632591 17129588
4549.637444 17169034
4549.642647 17208741
4549.647600 17248427
4549.652657 17288196
4549.657482 17327807
4549.662452 17367426
4549.667427 17407056
4549.672547 17446840
4549.677442 17486508
4549.682532 17526263
4549.687446 17565929
4549.692200 17605379
4549.697208 17644895
4549.702212 17684438
4549.707343 17724156
4549.712379 17763933
4549.717225 17803573
4549.722018 17843025
4549.726986 17882469
4549.732142 17922091
4549.736997 17961602
4549.741996 18001162
4549.747009 18040779
4549.752136 18080560
4549.756764 18119984
4549.761892 18159597
4549.766776 18199133
4549.771872 18238809
4549.777911 18279554
4549.783037 18320291
4549.787782 18360636
4549.792863 18400988
4549.797698 18441119
4549.802942 18481467
4549.806701 18520518
4549.811709 18559685
4549.817834 18600070
4549.822788 18640345
4549.827747 18471829
4549.833603 18330205
4549.837572 18210226
4549.842550 18110107
4549.847613 18027459
4549.852322 17959777
4549.857429 17905635
4549.862323 17863113
4549.867277 17830832
4549.872287 17807568
4549.877200 17792097
4549.882287 17783619
4549.887084 17780971
4549.892109 17783650
4549.897029 17790834
4549.902141 17802124
4549.907038 17816787
4549.912052 17834602
4549.917063 17855175
4549.921806 17877890
4549.926861 17902794
4549.930203 17927898
4551.664629 17519840
4551.665948 17164086
4551.667148 16853980
4551.668310 16583780
4551.669481 16348509
4551.670919 16144075
4551.672139 15966404
4551.673340 15812133
4551.674539 15678335
4551.675899 15562610
4551.677064 15462507
4551.678411 15376254
4551.679791 15302151
4551.680888 15238395
4551.682169 15183880
4551.683323 15137323
4551.685809 15099062
4551.688425 15068164
4551.690916 15043579
4551.693394 15024504
4551.695851 15010244
4551.698154 15000051
4551.700603 14993557
4551.703177 14990429
4551.705557 14990050
4551.708091 14992233
4551.710793 14996811
4551.713187 15003173
4551.715572 15011086
4551.718078 15020487
4551.720777 15031392
4551.723049 15043182
4551.725674 15056105
4551.728113 15069828
4551.730682 15084382
4551.732837 15099245
4551.735546 15114917
4551.737954 15131006
4551.740502 15147577
4551.742859 15164412
4551.745462 15181726
4551.747924 15199317
4551.750456 15217224
4551.752898 15235313
4551.755395 15253601
4551.757923 15272092
4551.760445 15290757
4551.762901 15309526
4551.765385 15328414
4551.767598 15347137
4551.770165 15366067
4551.772607 15385052
4551.775137 15404175
4551.777579 15423320
4551.780127 15442581
4551.782652 15461924
4551.785075 15481240
4551.787599 15500642
4551.790107 15520108
4551.792594 15539610
4551.795066 15559126
4551.797712 15578831
4551.799858 15598196
4551.802353 15617598
4551.804843 15637023
4551.807379 15656524
4551.809872 15676058
4551.812374 15695635
4551.814947 15715319
4551.817400 15734976
4551.819836 15754591
4551.822397 15774298
4551.824837 15793947
4551.827388 15813654
4551.830002 15833475
4551.832411 15853198
4551.836879 15874908
4551.837088 15894092
4551.839560 15913332
4551.842055 15932644
4551.844559 15952001
4551.847079 15922816
4551.849580 15852224
4551.852153 15793008
4551.854672 15743695
4551.857110 15702968
4551.859610 15669813
4551.862104 15643277
4551.864601 15622537
4551.867118 15606887
4551.869407 15595463
4551.871886 15587928
4551.874380 15583810
4551.876910 15582717
4551.879393 15584224
4551.881905 15588039
4551.884402 15593856
4551.886923 15601446
4551.889461 15610608
4551.891927 15621066
4551.894410 15632686
4551.896885 15645309
4551.899515 15658967
4551.901724 15672926
4551.904179 15687573
4551.906702 15702859
4551.909173 15718663
4551.911725 15735006
4551.914239 15751797
4551.916625 15768852
4551.919262 15786389
4551.921860 15804311
4551.923460 15821572
4551.926124 15839296
4551.928339 15856977
4551.930750 15874817
4551.933221 15892859
4551.935710 15911112
4551.938242 15929592
4551.940886 15948383
4551.943214 15967127
4551.945710 15985997
4551.948241 16005009
4551.953119 16026484
4551.958128 16050248
4551.963010 16075876
4551.968229 16103452
4551.972983 16132282
4551.978049 16162517
4551.983049 16193912
4551.989185 16227461
4551.992945 16260495
4551.997772 16294121
4552.002705 16328347
4552.007831 16363358
4552.012718 16398820
4552.017725 16434798
4552.022729 16471225
4552.028971 16509281
4552.033736 16547291
4552.038689 16585368
4552.043788 16623671
4552.048698 16662014
4552.053703 16700513
4552.056845 16737282
