4532.009991 2147483647
4532.011051 2147483647
4532.012005 2147483647
4532.013375 2147483647
4532.014574 2147483647
4532.015955 2147483647
4532.017083 2147483647
4532.018378 2147483647
4532.019688 2147483647
4532.020741 2147483647
4532.073251 2147483647
4532.074741 2147483647
4532.075731 2147483647
4532.077123 2147483647
4532.078198 2147483647
4532.079358 2147483647
4532.080994 2147483647
4532.082032 2147483647
4532.083195 2147483647
4532.084546 2147483647
4532.085563 2147483647
4532.086935 2147483647
4532.087924 2147483647
4532.089409 2147483647
4532.090676 2147483647
4532.091822 2147483647
4532.093079 2147483647
4532.094421 2147483647
4532.095404 2147483647
4532.096647 2147483647
4532.136591 2147483647
4532.137864 2147483647
4532.139074 2147483647
4532.140275 2147483647
4532.141563 2147483647
4532.142814 2147483647
4532.143945 2147483647
4532.145027 2147483647
4532.146393 2147483647
4532.147773 2147483647
4532.148976 2147483647
4532.150230 2147483647
4532.151459 2147483647
4532.152702 2147483647
4532.153949 2147483647
4532.155079 2147483647
4532.156219 2147483647
4532.157933 2147483647
4532.158931 2147483647
4532.159936 2147483647
4532.161058 2147483647
4532.162320 2147483647
4532.163884 2147483647
4532.165083 2147483647
4532.166033 2147483647
4532.167425 2147483647
4532.168570 2147483647
4532.169888 2147483647
4532.171151 2147483647
4532.172394 2147483647
4532.173645 2147483647
4532.174860 2147483647
4532.176260 2147483647
4532.177336 2147483647
4532.178567 2147483647
4532.179861 2147483647
4532.181139 2147483647
4532.182386 2147483647
4532.183636 2147483647
4532.184917 2147483647
4532.199947 2147483647
4532.201269 2147483647
4532.202555 2147483647
4532.203599 2147483647
4532.204709 2147483647
4532.206201 2147483647
4532.207338 2147483647
4532.208643 2147483647
4532.209842 2147483647
4532.211239 2147483647
4532.212142 2147483647
4532.213497 2147483647
4532.214800 2147483647
4532.216173 2147483647
4532.217179 2147483647
4532.218585 2147483647
4532.219889 2147483647
4532.221120 2147483647
4532.222155 2147483647
4532.223379 2147483647
4532.224587 2147483647
4532.225865 2147483647
4532.281928 2147483647
4532.282975 2147483647
4532.284217 2147483647
4532.285261 2147483647
4532.286838 2147483647
4532.287439 2147483647
4532.289338 2147483647
4532.290193 2147483647
4532.291353 2147483647
4532.292702 2147483647
4532.293785 2147483647
4532.294903 2147483647
4532.296307 2147483647
4532.297447 2147483647
4532.298653 2147483647
4532.299947 2147483647
4532.301458 2147483647
4532.302499 2147483647
4532.303662 2147483647
4532.304963 2147483647
4532.306194 2147483647
4532.307153 2147483647
4532.308727 2147483647
4532.309992 2147483647
4532.311230 2147483647
4532.312427 2147483647
4532.313678 2147483647
4532.314953 2147483647
4532.315922 2147483647
4532.317147 2147483647
4532.318445 2147483647
4532.319968 2147483647
4532.321240 2147483647
4532.322186 2147483647
4532.323413 2147483647
4532.324592 2147483647
4532.325836 2147483647
4532.327164 2147483647
4532.328356 2147483647
4532.329573 2147483647
4532.343700 2147483647
4532.344915 2147483647
4532.346094 2147483647
4532.347379 2147483647
4532.348326 2147483647
4532.349875 2147483647
4532.351067 2147483647
4532.352063 2147483647
4532.353550 2147483647
4532.354752 2147483647
4532.355793 2147483647
4532.357000 2147483647
4532.358295 2147483647
4532.359837 2147483647
4532.361026 2147483647
4532.362064 2147483647
4532.363255 2147483647
4532.364891 2147483647
4532.365775 2147483647
4532.367011 2147483647
4532.368218 2147483647
4532.369470 2147483647
4532.370862 2147483647
4532.372040 2147483647
4532.373247 2147483647
4532.374495 2147483647
4532.375742 2147483647
4532.377045 2147483647
4532.378194 2147483647
4532.379450 2147483647
4532.380822 2147483647
4532.382013 2147483647
4532.383314 2147483647
4532.384308 2147483647
4532.385515 2147483647
4532.386790 2147483647
4532.388162 2147483647
4532.389226 2147483647
4532.390552 2147483647
4532.391805 2147483647
4532.393243 2147483647
4532.394326 2147483647
4532.395538 2147483647
4532.396753 2147483647
4532.397921 2147483647
4532.399151 2147483647
4532.400502 2147483647
4532.401778 2147483647
4532.402971 2147483647
4532.403939 2147483647
4532.405187 2147483647
4532.406407 2147483647
4532.407645 2147483647
4532.408877 2147483647
4532.410492 2147483647
4532.411733 2147483647
4532.412710 2147483647
4532.413891 2147483647
4532.415109 2147483647
4532.416349 2147483647
4532.417623 2147483647
4532.418842 2147483647
4532.420091 2147483647
4532.421467 2147483647
4532.422428 2147483647
4532.423632 2147483647
4532.425088 2147483647
4532.426326 2147483647
4532.427350 2147483647
4532.428817 2147483647
4532.430066 2147483647
4532.431367 2147483647
4532.432407 2147483647
4532.433934 2147483647
4532.435079 2147483647
4532.436055 2147483647
4532.437315 2147483647
4532.438562 2147483647
4532.439807 2147483647
4532.441164 2147483647
4532.442354 2147483647
4532.443663 2147483647
4532.444943 2147483647
4532.446190 2147483647
4532.447397 2147483647
4532.448563 2147483647
4532.449550 2147483647
4532.451070 2147483647
4532.452311 2147483647
4532.453623 2147483647
4532.454779 2147483647
4532.456155 2147483647
4532.457373 2147483647
4532.458249 2147483647
4532.459510 2147483647
4532.460904 2147483647
4532.462114 2147483647
4532.463314 2147483647
4532.464528 2147483647
4532.465823 2147483647
4532.467100 2147483647
4532.468250 2147483647
4532.469490 2147483647
4532.470839 2147483647
4532.472014 2147483647
4532.473287 2147483647
4532.474579 2147483647
4532.475871 2147483647
4532.476827 2147483647
4532.477986 2147483647
4532.479218 2147483647
4532.480815 2147483647
4532.482066 2147483647
4532.482946 2147483647
4532.484301 2147483647
4532.485808 2147483647
4532.486822 2147483647
4532.487957 2147483647
4532.489194 2147483647
4532.490428 2147483647
4532.491687 2147483647
4532.492932 2147483647
4532.494251 2147483647
4532.495454 2147483647
4532.496504 2147483647
4532.497752 2147483647
4532.499207 2147483647
4532.500405 2147483647
4532.501768 2147483647
4532.502680 2147483647
4532.503912 2147483647
4532.505256 2147483647
4532.506793 2147483647
4532.507744 2147483647
4532.508908 2147483647
4532.514743 2147483647
4532.514920 2147483647
4532.515084 2147483647
4532.515263 2147483647
4532.515422 2147483647
4532.516428 2147483647
4532.517701 2147483647
4532.518945 2147483647
4532.520191 2147483647
4532.521403 2147483647
4532.522621 2147483647
4532.523602 2147483647
4532.524850 2147483647
4532.526347 2147483647
4532.527370 2147483647
4532.528858 2147483647
4532.530093 2147483647
4532.531365 2147483647
4532.532359 2147483647
4532.533636 2147483647
4532.534849 2147483647
4532.536153 2147483647
4532.537398 2147483647
4532.538626 2147483647
4532.539871 2147483647
4532.541173 2147483647
4532.542421 2147483647
4532.543565 2147483647
4532.544858 2147483647
4532.546106 2147483647
4532.547301 2147483647
4532.548537 2147483647
4532.549940 2147483647
4532.550938 2147483647
4532.552366 2147483647
4532.553640 2147483647
4532.554543 2147483647
4532.555803 2147483647
4532.557163 2147483647
4532.558412 2147483647
4532.559624 2147483647
4532.560801 2147483647
4532.562118 2147483647
4532.563371 2147483647
4532.564494 2147483647
4532.565806 2147483647
4532.567078 2147483647
4532.568378 2147483647
4532.569583 2147483647
4532.570876 2147483647
4532.572084 2147483647
4532.573324 2147483647
4532.574492 2147483647
4532.575897 2147483647
4532.577090 2147483647
4532.578050 2147483647
4532.579271 2147483647
4532.580548 2147483647
4532.581823 2147483647
4532.583329 2147483647
4532.584322 2147483647
4532.585464 2147483647
4532.586704 2147483647
4532.588030 2147483647
4532.589311 2147483647
4532.590520 2147483647
4532.591834 2147483647
4532.593052 2147483647
4532.594429 2147483647
4532.595434 2147483647
4532.596525 2147483647
4532.598006 2147483647
4532.599077 2147483647
4532.600286 2147483647
4532.601675 2147483647
4532.602812 2147483647
4532.604057 2147483647
4532.605308 2147483647
4532.606528 2147483647
4532.607736 2147483647
4532.608982 2147483647
4532.610331 2147483647
4532.611555 2147483647
4532.612774 2147483647
4532.614222 2147483647
4532.615145 2147483647
4532.616383 2147483647
4532.617631 2147483647
4532.618954 2147483647
4532.620265 2147483647
4532.621525 2147483647
4532.622765 2147483647
4532.623765 2147483647
4532.624976 2147483647
4532.626135 2147483647
4532.627748 2147483647
4532.628693 2147483647
4532.629890 2147483647
4532.631503 2147483647
4532.632460 2147483647
4532.633677 2147483647
4532.634992 2147483647
4532.636103 2147483647
4532.637466 2147483647
4532.638695 2147483647
4532.639916 2147483647
4532.641166 2147483647
4532.642160 2147483647
4532.643435 2147483647
4532.644849 2147483647
4532.645820 2147483647
4532.647355 2147483647
4532.648445 2147483647
4532.649883 2147483647
4532.651153 2147483647
4532.652148 2147483647
4532.653369 2147483647
4532.654557 2147483647
4532.655849 2147483647
4532.657052 2147483647
4532.658387 2147483647
4532.659630 2147483647
4532.660937 2147483647
4532.662114 2147483647
4532.663409 2147483647
4532.664618 2147483647
4532.665839 2147483647
4532.667022 2147483647
4532.668265 2147483647
4532.669607 2147483647
4532.670629 2147483647
4532.672103 2147483647
4532.673329 2147483647
4532.674316 2147483647
4532.675562 2147483647
4532.676999 2147483647
4532.678346 2147483647
4532.679343 2147483647
4532.680579 2147483647
4532.681849 2147483647
4532.683069 2147483647
4532.684373 2147483647
4532.685591 2147483647
4532.686757 2147483647
4532.688083 2147483647
4532.689334 2147483647
4532.690606 2147483647
4532.691721 2147483647
4532.692970 2147483647
4532.694273 2147483647
4532.695498 2147483647
4532.696707 2147483647
4532.697747 2147483647
4532.699305 2147483647
4532.700348 2147483647
4532.701467 2147483647
4532.702680 2147483647
4532.704184 2147483647
4532.705180 2147483647
4532.706427 2147483647
4532.707749 2147483647
4532.708966 2147483647
4532.710268 2147483647
4532.711466 2147483647
4532.712725 2147483647
4532.713924 2147483647
4532.715172 2147483647
4532.716422 2147483647
4532.717658 2147483647
4532.718876 2147483647
4532.720043 2147483647
4532.721441 2147483647
4532.722750 2147483647
4532.723884 2147483647
4532.724997 2147483647
4532.726370 2147483647
4532.727417 2147483647
4532.728879 2147483647
4532.729910 2147483647
4532.731423 2147483647
4532.732498 2147483647
4532.733791 2147483647
4532.734864 2147483647
4532.736191 2147483647
4532.737483 2147483647
4532.738649 2147483647
4532.739946 2147483647
4532.741178 2147483647
4532.742441 2147483647
4532.743641 2147483647
4532.744614 2147483647
4532.745971 2147483647
4532.747089 2147483647
4532.748395 2147483647
4532.749670 2147483647
4532.751119 2147483647
4532.752389 2147483647
4532.753394 2147483647
4532.754584 2147483647
4532.755884 2147483647
4532.757125 2147483647
4532.758311 2147483647
4532.759627 2147483647
4532.760852 2147483647
4532.761877 2147483647
4532.763468 2147483647
4532.764550 2147483647
4532.765848 2147483647
4532.767110 2147483647
4532.768357 2147483647
4532.769604 2147483647
4532.770843 2147483647
4532.771852 2147483647
4532.773370 2147483647
4532.774352 2147483647
4532.775615 2147483647
4532.776777 2147483647
4532.778277 2147483647
4532.779332 2147483647
4532.780596 2147483647
4532.781825 2147483647
4532.783088 2147483647
4532.784279 2147483647
4532.785559 2147483647
4532.786839 2147483647
4532.788044 2147483647
4532.789345 2147483647
4532.790561 2147483647
4532.791835 2147483647
4532.793049 2147483647
4532.794390 2147483647
4532.795528 2147483647
4532.796538 2147483647
4532.797964 2147483647
4532.799087 2147483647
4532.800547 2147483647
4532.801547 2147483647
4532.802780 2147483647
4532.803996 2147483647
4532.805468 2147483647
4532.806501 2147483647
4532.808004 2147483647
4532.808995 2147483647
4532.810252 2147483647
4532.811546 2147483647
4532.812720 2147483647
4532.813938 2147483647
4532.815161 2147483647
4532.816415 2147483647
4532.817661 2147483647
4532.818907 2147483647
4532.820144 2147483647
4532.821154 2147483647
4532.822455 2147483647
4532.823933 2147483647
4532.825178 2147483647
4532.826176 2147483647
4532.827444 2147483647
4532.828697 2147483647
4532.829959 2147483647
4532.831220 2147483647
4532.832372 2147483647
4532.833679 2147483647
4532.834923 2147483647
4532.836167 2147483647
4532.837469 2147483647
4532.838713 2147483647
4532.839889 2147483647
4532.841201 2147483647
4532.842425 2147483647
4532.843687 2147483647
4532.844670 2147483647
4532.845955 2147483647
4532.847179 2147483647
4532.848702 2147483647
4532.849695 2147483647
4532.850902 2147483647
4532.852089 2147483647
4532.853428 2147483647
4532.854683 2147483647
4532.855924 2147483647
4532.857129 2147483647
4532.858396 2147483647
4532.859645 2147483647
4532.860848 2147483647
4532.862085 2147483647
4532.863333 2147483647
4532.864573 2147483647
4532.865616 2147483647
4532.866854 2147483647
4532.868369 2147483647
4532.869615 2147483647
4532.870878 2147483647
4532.871857 2147483647
4532.873130 2147483647
4532.874304 2147483647
4532.875534 2147483647
4532.876799 2147483647
4532.878068 2147483647
4532.879295 2147483647
4532.880805 2147483647
4532.881778 2147483647
4532.883015 2147483647
4532.884333 2147483647
4532.885576 2147483647
4532.886818 2147483647
4532.888081 2147483647
4532.889318 2147483647
4532.890512 2147483647
4532.891813 2147483647
4532.892815 2147483647
4532.894375 2147483647
4532.895624 2147483647
4532.896831 2147483647
4532.897827 2147483647
4532.899046 2147483647
4532.900356 2147483647
4532.901609 2147483647
4532.902818 2147483647
4532.904057 2147483647
4532.905283 2147483647
4532.906527 2147483647
4532.907843 2147483647
4532.909048 2147483647
4532.910301 2147483647
4532.911585 2147483647
4532.912704 2147483647
4532.914034 2147483647
4532.915289 2147483647
4532.916578 2147483647
4532.917785 2147483647
4532.918750 2147483647
4532.920080 2147483647
4532.921267 2147483647
4532.922507 2147483647
4532.923689 2147483647
4532.925315 2147483647
4532.926315 2147483647
4532.927775 2147483647
4532.928750 2147483647
4532.929925 2147483647
4532.931301 2147483647
4532.932456 2147483647
4532.933762 2147483647
4532.934944 2147483647
4532.936253 2147483647
4532.937461 2147483647
4532.938652 2147483647
4532.939961 2147483647
4532.941209 2147483647
4532.942426 2147483647
4532.943706 2147483647
4532.944681 2147483647
4532.946198 2147483647
4532.947180 2147483647
4532.948438 2147483647
4532.949690 2147483647
4532.950935 2147483647
4532.952410 2147483647
4532.953446 2147483647
4532.954600 2147483647
4532.955923 2147483647
4532.957160 2147483647
4532.958436 2147483647
4532.959640 2147483647
4532.960902 2147483647
4532.962125 2147483647
4532.963380 2147483647
4532.964596 2147483647
4532.965583 2147483647
4532.966841 2147483647
4532.968143 2147483647
4532.969331 2147483647
4532.970608 2147483647
4532.971876 2147483647
4532.973438 2147483647
4532.974436 2147483647
4532.975646 2147483647
4532.976846 2147483647
4532.978115 2147483647
4532.979362 2147483647
4532.980556 2147483647
4532.981857 2147483647
4532.983165 2147483647
4532.984438 2147483647
4532.985625 2147483647
4532.986842 2147483647
4532.988125 2147483647
4532.989367 2147483647
4532.990588 2147483647
4532.991857 2147483647
4532.992914 2147483647
4532.994130 2147483647
4532.995345 2147483647
4532.996674 2147483647
4532.997763 2147483647
4532.999149 2147483647
4533.000364 2147483647
4533.001612 2147483647
4533.002778 2147483647
4533.004012 2147483647
4533.005367 2147483647
4533.006609 2147483647
4533.007899 2147483647
4533.009102 2147483647
4533.010324 2147483647
4533.011594 2147483647
4533.012594 2147483647
4533.014099 2147483647
4533.015086 2147483647
4533.016590 2147483647
4533.017564 2147483647
4533.018837 2147483647
4533.020008 2147483647
4533.021224 2147483647
4533.022607 2147483647
4533.023855 2147483647
4533.025063 2147483647
4533.026286 2147483647
4533.027616 2147483647
4533.028778 2147483647
4533.029954 2147483647
4533.031271 2147483647
4533.032593 2147483647
4533.033713 2147483647
4533.035037 2147483647
4533.036327 2147483647
4533.037606 2147483647
4533.038506 2147483647
4533.039749 2147483647
4533.040945 2147483647
4533.042175 2147483647
4533.043775 2147483647
4533.045025 2147483647
4533.046015 2147483647
4533.047260 2147483647
4533.048493 2147483647
4533.049731 2147483647
4533.051022 2147483647
4533.052253 2147483647
4533.053451 2147483647
4533.054648 2147483647
4533.056001 2147483647
4533.057279 2147483647
4533.058464 2147483647
4533.059706 2147483647
4533.060948 2147483647
4533.062260 2147483647
4533.063515 2147483647
4533.064763 2147483647
4533.065919 2147483647
4533.066970 2147483647
4533.068210 2147483647
4533.069461 2147483647
4533.070905 2147483647
4533.071919 2147483647
4533.073232 2147483647
4533.074448 2147483647
4533.075734 2147483647
4533.076914 2147483647
4533.078135 2147483647
4533.079341 2147483647
4533.080584 2147483647
4533.081901 2147483647
4533.083216 2147483647
4533.084488 2147483647
4533.085713 2147483647
4533.086992 2147483647
4533.088200 2147483647
4533.089416 2147483647
4533.090325 2147483647
4533.091657 2147483647
4533.092910 2147483647
4533.094164 2147483647
4533.095330 2147483647
4533.096551 2147483647
4533.098182 2147483647
4533.099163 2147483647
4533.100412 2147483647
4533.101662 2147483647
4533.102863 2147483647
4533.104138 2147483647
4533.105267 2147483647
4533.106610 2147483647
4533.107909 2147483647
4533.109089 2147483647
4533.110392 2147483647
4533.111661 2147483647
4533.112594 2147483647
4533.113840 2147483647
4533.114982 2147483647
4533.116333 2147483647
4533.117586 2147483647
4533.118834 2147483647
4533.120075 2147483647
4533.121359 2147483647
4533.122523 2147483647
4533.123790 2147483647
4533.125049 2147483647
4533.126320 2147483647
4533.127586 2147483647
4533.128806 2147483647
4533.129969 2147483647
4533.131306 2147483647
4533.132303 2147483647
4533.133588 2147483647
4533.135082 2147483647
4533.136077 2147483647
4533.137568 2147483647
4533.138788 2147483647
4533.139697 2147483647
4533.141015 2147483647
4533.142276 2147483647
4533.143525 2147483647
4533.144769 2147483647
4533.145926 2147483647
4533.147299 2147483647
4533.148801 2147483647
4533.149796 2147483647
4533.151019 2147483647
4533.152247 2147483647
4533.153515 2147483647
4533.154655 2147483647
4533.155899 2147483647
4533.157273 2147483647
4533.158271 2147483647
4533.159773 2147483647
4533.161043 2147483647
4533.162228 2147483647
4533.163125 2147483647
4533.164372 2147483647
4533.165688 2147483647
4533.167256 2147483647
4533.168249 2147483647
4533.169497 2147483647
4533.170690 2147483647
4533.171955 2147483647
4533.173168 2147483647
4533.174447 2147483647
4533.175748 2147483647
4533.176942 2147483647
4533.178164 2147483647
4533.179360 2147483647
4533.180713 2147483647
4533.181931 2147483647
4533.183098 2147483647
4533.184448 2147483647
4533.185631 2147483647
4533.186639 2147483647
4533.187814 2147483647
4533.189053 2147483647
4533.190300 2147483647
4533.191911 2147483647
4533.192891 2147483647
4533.194087 2147483647
4533.195286 2147483647
4533.196545 2147483647
4533.197904 2147483647
4533.199044 2147483647
4533.200331 2147483647
4533.201540 2147483647
4533.202974 2147483647
4533.204035 2147483647
4533.205013 2147483647
4533.206542 2147483647
4533.208005 2147483647
4533.208861 2147483647
4533.210096 2147483647
4533.211630 2147483647
4533.212518 2147483647
4533.213757 2147483647
4533.215002 2147483647
4533.216253 2147483647
4533.217733 2147483647
4533.218784 2147483647
4533.219983 2147483647
4533.221243 2147483647
4533.222812 2147483647
4533.223831 2147483647
4533.225100 2147483647
4533.226321 2147483647
4533.227473 2147483647
4533.228793 2147483647
4533.230037 2147483647
4533.231297 2147483647
4533.232545 2147483647
4533.233512 2147483647
4533.234792 2147483647
4533.235941 2147483647
4533.237475 2147483647
4533.238785 2147483647
4533.239742 2147483647
4533.240990 2147483647
4533.242261 2147483647
4533.243779 2147483647
4533.244792 2147483647
4533.246010 2147483647
4533.247294 2147483647
4533.248502 2147483647
4533.249769 2147483647
4533.250747 2147483647
4533.252256 2147483647
4533.253474 2147483647
4533.254752 2147483647
4533.255969 2147483647
4533.257293 2147483647
4533.258498 2147483647
4533.259542 2147483647
4533.260711 2147483647
4533.261986 2147483647
4533.263234 2147483647
4533.264659 2147483647
4533.265729 2147483647
4533.266980 2147483647
4533.268216 2147483647
4533.269469 2147483647
4533.270699 2147483647
4533.271965 2147483647
4533.273210 2147483647
4533.274431 2147483647
4533.275708 2147483647
4533.276950 2147483647
4533.277938 2147483647
4533.279175 2147483647
4533.280617 2147483647
4533.281880 2147483647
4533.283091 2147483647
4533.284189 2147483647
4533.285607 2147483647
4533.286968 2147483647
4533.288156 2147483647
4533.289086 2147483647
4533.290339 2147483647
4533.291632 2147483647
4533.292890 2147483647
4533.294149 2147483647
4533.295383 2147483647
4533.296657 2147483647
4533.297832 2147483647
4533.299117 2147483647
4533.300372 2147483647
4533.301648 2147483647
4533.302872 2147483647
4533.304164 2147483647
4533.305312 2147483647
4533.306289 2147483647
4533.307799 2147483647
4533.309061 2147483647
4533.310300 2147483647
4533.311379 2147483647
4533.312530 2147483647
4533.314107 2147483647
4533.315121 2147483647
4533.316358 2147483647
4533.317536 2147483647
4533.318761 2147483647
4533.320079 2147483647
4533.321314 2147483647
4533.322580 2147483647
4533.323585 2147483647
4533.324785 2147483647
4533.325996 2147483647
4533.327255 2147483647
4533.328516 2147483647
4533.330008 2147483647
4533.331303 2147483647
4533.332257 2147483647
4533.333519 2147483647
4533.334777 2147483647
4533.336044 2147483647
4533.337296 2147483647
4533.338475 2147483647
4533.339790 2147483647
4533.340987 2147483647
4533.342228 2147483647
4533.343472 2147483647
4533.344754 2147483647
4533.346021 2147483647
4533.347249 2147483647
4533.348511 2147483647
4533.349770 2147483647
4533.350974 2147483647
4533.351958 2147483647
4533.353261 2147483647
4533.354450 2147483647
4533.355682 2147483647
4533.357174 2147483647
4533.358240 2147483647
4533.359438 2147483647
4533.360921 2147483647
4533.361933 2147483647
4533.363237 2147483647
4533.364431 2147483647
4533.365659 2147483647
4533.366916 2147483647
4533.368193 2147483647
4533.369411 2147483647
4533.370552 2147483647
4533.372003 2147483647
4533.373062 2147483647
4533.374215 2147483647
4533.375450 2147483647
4533.376905 2147483647
4533.377882 2147483647
4533.379126 2147483647
4533.380370 2147483647
4533.381633 2147483647
4533.382965 2147483647
4533.384219 2147483647
4533.385437 2147483647
4533.386725 2147483647
4533.387960 2147483647
4533.389190 2147483647
4533.390439 2147483647
4533.391714 2147483647
4533.392963 2147483647
4533.394214 2147483647
4533.395416 2147483647
4533.396702 2147483647
4533.397671 2147483647
4533.398951 2147483647
4533.400197 2147483647
4533.401704 2147483647
4533.402918 2147483647
4533.404159 2147483647
4533.405376 2147483647
4533.406380 2147483647
4533.407651 2147483647
4533.408899 2147483647
4533.410143 2147483647
4533.411382 2147483647
4533.412668 2147483647
4533.413901 2147483647
4533.415136 2147483647
4533.416411 2147483647
4533.417657 2147483647
4533.418876 2147483647
4533.420156 2147483647
4533.421327 2147483647
4533.422652 2147483647
4533.423869 2147483647
4533.425115 2147483647
4533.426050 2147483647
4533.427330 2147483647
4533.428857 2147483647
4533.429883 2147483647
4533.431132 2147483647
4533.432376 2147483647
4533.433914 2147483647
4533.434847 2147483647
4533.436123 2147483647
4533.437334 2147483647
4533.438595 2147483647
4533.439866 2147483647
4533.441078 2147483647
4533.442369 2147483647
4533.443601 2147483647
4533.444848 2147483647
4533.445850 2147483647
4533.447386 2147483647
4533.448314 2147483647
4533.449839 2147483647
4533.451061 2147483647
4533.452378 2147483647
4533.453316 2147483647
4533.454591 2147483647
4533.455817 2147483647
4534.748502 522
4535.512709 522
4536.160020 522
4536.995226 522
4537.684306 522
4538.486898 522
4539.728082 522
4540.382317 522
4541.050775 522
4541.707540 522
4542.813420 522
4543.593648 522
4544.253287 522
4544.915211 522
4546.264033 522
4546.928342 522
4547.593461 522
4548.500279 522
4549.168259 522
4550.155369 522
4551.029532 522
4551.700952 522
