4531.823879 2147483647
4531.829410 2147483647
4531.831995 2147483647
4531.834335 2147483647
4531.836888 2147483647
4531.839253 2147483647
4531.841710 2147483647
4531.844304 2147483647
4531.846890 2147483647
4531.848076 2147483647
4531.860998 2147483647
4531.861969 2147483647
4531.865600 2147483647
4531.868226 2147483647
4531.871939 2147483647
4531.873104 2147483647
4531.876884 2147483647
4531.879448 2147483647
4531.881904 2147483647
4531.884377 2147483647
4531.886997 2147483647
4531.889510 2147483647
4531.891767 2147483647
4531.894407 2147483647
4531.896639 2147483647
4531.899142 2147483647
4531.901645 2147483647
4531.904118 2147483647
4531.905344 2147483647
4531.906610 2147483647
4531.911655 2147483647
4531.914112 2147483647
4531.916752 2147483647
4531.919155 2147483647
4531.921627 2147483647
4531.924139 2147483647
4531.926566 2147483647
4531.929171 2147483647
4531.932815 2147483647
4531.933921 2147483647
4531.936594 2147483647
4531.939071 2147483647
4531.942703 2147483647
4531.943799 2147483647
4531.947579 2147483647
4531.948955 2147483647
4531.951284 2147483647
4531.955194 2147483647
4531.957706 2147483647
4531.960100 2147483647
4531.962707 2147483647
4531.964909 2147483647
4531.967475 2147483647
4531.969921 2147483647
4531.972392 2147483647
4531.974943 2147483647
4531.977506 2147483647
4531.979882 2147483647
4531.982499 2147483647
4531.985127 2147483647
4531.987495 2147483647
4531.989948 2147483647
4531.992376 2147483647
4531.994880 2147483647
4531.997257 2147483647
4531.999883 2147483647
4532.002347 2147483647
4532.004723 2147483647
4532.007262 2147483647
4532.009732 2147483647
4532.012177 2147483647
4532.014769 2147483647
4532.017245 2147483647
4532.019857 2147483647
4532.022196 2147483647
4532.024825 2147483647
4532.027266 2147483647
4532.029846 2147483647
4532.032092 2147483647
4532.034340 2147483647
4532.037137 2147483647
4532.039441 2147483647
4532.041948 2147483647
4532.044342 2147483647
4532.047010 2147483647
4532.049523 2147483647
4532.053320 2147483647
4532.055774 2147483647
4532.058188 2147483647
4532.060845 2147483647
4532.063319 2147483647
4532.065575 2147483647
4532.067957 2147483647
4532.070604 2147483647
4532.073081 2147483647
4532.075464 2147483647
4532.080542 2147483647
4532.085349 2147483647
4532.090443 2147483647
4532.095567 2147483647
4532.100180 2147483647
4532.105176 2147483647
4532.110393 2147483647
4532.115326 2147483647
4532.120390 2147483647
4532.125243 2147483647
4532.130336 2147483647
4532.135127 2147483647
4532.139907 2147483647
4532.145135 2147483647
4532.150009 2147483647
4532.155162 2147483647
4532.160017 2147483647
4532.164939 2147483647
4532.169975 2147483647
4532.174936 2147483647
4532.180019 2147483647
4532.185003 2147483647
4532.189905 2147483647
4532.194809 2147483647
4532.200047 2147483647
4532.204534 2147483647
4532.209764 2147483647
4532.214724 2147483647
4532.219798 2147483647
4532.224876 2147483647
4532.229788 2147483647
4532.234708 2147483647
4532.239411 2147483647
4532.244573 2147483647
4532.249528 2147483647
4532.254362 2147483647
4532.259340 2147483647
4532.264376 2147483647
4532.269262 2147483647
4532.273926 2147483647
4532.281850 2147483647
4532.282856 2147483647
4532.284159 2147483647
4532.286774 2147483647
4532.289252 2147483647
4532.294185 2147483647
4532.295455 2147483647
4532.297783 2147483647
4532.300287 2147483647
4532.302439 2147483647
4532.305055 2147483647
4532.307575 2147483647
4532.310095 2147483647
4532.312562 2147483647
4532.315116 2147483647
4532.317592 2147483647
4532.320131 2147483647
4532.322609 2147483647
4532.325058 2147483647
4532.327474 2147483647
4532.331388 2147483647
4532.333812 2147483647
4532.336022 2147483647
4532.338560 2147483647
4532.341191 2147483647
4532.346031 2147483647
4532.347485 2147483647
4532.349782 2147483647
4532.352196 2147483647
4532.356043 2147483647
4532.357222 2147483647
4532.359758 2147483647
4532.362349 2147483647
4532.364747 2147483647
4532.367365 2147483647
4532.369579 2147483647
4532.372166 2147483647
4532.375858 2147483647
4532.376957 2147483647
4532.383473 2147483647
4532.388283 2147483647
4532.393510 2147483647
4532.398271 2147483647
4532.403151 2147483647
4532.408030 2147483647
4532.413158 2147483647
4532.418046 2147483647
4532.423176 2147483647
4532.428095 2147483647
4532.433130 2147483647
4532.437845 2147483647
4532.442897 2147483647
4532.447862 2147483647
4532.452826 2147483647
4532.457865 2147483647
4532.463031 2147483647
4532.467912 2147483647
4532.473223 2147483647
4532.477660 2147483647
4532.482783 2147483647
4532.487669 2147483647
4532.529386 2147483647
4532.690328 2147483647
4532.692597 2147483647
4532.695296 2147483647
4532.697621 2147483647
4532.700258 2147483647
4532.703754 2147483647
4532.704934 2147483647
4532.708639 2147483647
4532.711312 2147483647
4532.713838 2147483647
4532.716343 2147483647
4532.718798 2147483647
4532.721350 2147483647
4532.723772 2147483647
4532.726279 2147483647
4532.728795 2147483647
4532.731341 2147483647
4532.733708 2147483647
4532.736097 2147483647
4532.738534 2147483647
4532.741008 2147483647
4532.743500 2147483647
4532.745861 2147483647
4532.748515 2147483647
4532.750788 2147483647
4532.755708 2147483647
4532.758376 2147483647
4532.760728 2147483647
4532.763341 2147483647
4532.765946 2147483647
4532.768247 2147483647
4532.770598 2147483647
4532.773096 2147483647
4532.775503 2147483647
4532.778123 2147483647
4532.780697 2147483647
4532.783192 2147483647
4532.785711 2147483647
4532.788215 2147483647
4532.790731 2147483647
4532.793200 2147483647
4532.795618 2147483647
4532.798077 2147483647
4532.800644 2147483647
4532.803053 2147483647
4532.805274 2147483647
4532.807768 2147483647
4532.810412 2147483647
4532.812849 2147483647
4532.815377 2147483647
4532.817871 2147483647
4532.820439 2147483647
4532.822810 2147483647
4532.825257 2147483647
4532.827770 2147483647
4532.830408 2147483647
4532.832774 2147483647
4532.835336 2147483647
4532.837854 2147483647
4532.840078 2147483647
4532.842641 2147483647
4532.932284 2147483647
4532.934743 2147483647
4532.937280 2147483647
4532.939750 2147483647
4532.942164 2147483647
4532.944282 2147483647
4532.946859 2147483647
4532.955730 2147483647
4532.958183 2147483647
4533.170819 2147483647
4533.172970 2147483647
4533.175617 2147483647
4533.178016 2147483647
4533.180593 2147483647
4533.182743 2147483647
4533.185187 2147483647
4533.187900 2147483647
4533.190192 2147483647
4533.193006 2147483647
4533.195169 2147483647
4533.197805 2147483647
4533.200184 2147483647
4533.202861 2147483647
4533.205304 2147483647
4533.207869 2147483647
4533.210237 2147483647
4533.212825 2147483647
4533.215194 2147483647
4533.217498 2147483647
4533.220086 2147483647
4533.222534 2147483647
4533.224984 2147483647
4533.227560 2147483647
4533.230134 2147483647
4533.233895 2147483647
4533.236214 2147483647
4533.238888 2147483647
4533.241232 2147483647
4533.243880 2147483647
4533.246231 2147483647
4533.248852 2147483647
4533.250991 2147483647
4533.252374 2147483647
4533.254868 2147483647
4533.257408 2147483647
4533.259906 2147483647
4533.262385 2147483647
4533.264881 2147483647
4533.267267 2147483647
4533.269776 2147483647
4533.273529 2147483647
4533.276032 2147483647
4533.278515 2147483647
4533.281009 2147483647
4533.283271 2147483647
4533.285774 2147483647
4533.288284 2147483647
4533.290778 2147483647
4533.293266 2147483647
4533.295775 2147483647
4533.298279 2147483647
4533.300777 2147483647
4533.303283 2147483647
4533.305798 2147483647
4533.308283 2147483647
4533.310781 2147483647
4533.313305 2147483647
4533.315799 2147483647
4533.318067 2147483647
4533.320547 2147483647
4533.323056 2147483647
4533.325592 2147483647
4533.328061 2147483647
4533.330565 2147483647
4533.333113 2147483647
4533.335587 2147483647
4533.338097 2147483647
4533.340476 2147483647
4533.343231 2147483647
4533.345598 2147483647
4533.348095 2147483647
4533.350332 2147483647
4533.352921 2147483647
4533.355375 2147483647
4533.357932 2147483647
4533.360416 2147483647
4533.362904 2147483647
4533.365349 2147483647
4533.367911 2147483647
4533.370437 2147483647
4533.372944 2147483647
4533.375359 2147483647
4533.377993 2147483647
4533.380469 2147483647
4533.383087 2147483647
4533.385140 2147483647
4533.387704 2147483647
4533.472277 2147483647
4533.474669 2147483647
4533.477268 2147483647
4533.479640 2147483647
4533.482252 2147483647
4533.484743 2147483647
4533.487263 2147483647
4533.489387 2147483647
4533.491988 2147483647
4533.494496 2147483647
4533.496990 2147483647
4533.499371 2147483647
4533.501868 2147483647
4533.504383 2147483647
4533.513324 2147483647
4533.515722 2147483647
4533.518208 2147483647
4533.520657 2147483647
4533.735428 2147483647
4533.737943 2147483647
4533.740545 2147483647
4533.742926 2147483647
4533.745634 2147483647
4533.747903 2147483647
4533.750472 2147483647
4533.752807 2147483647
4533.755198 2147483647
4533.757832 2147483647
4533.760339 2147483647
4533.762836 2147483647
4533.765218 2147483647
4533.767716 2147483647
4533.770336 2147483647
4533.772837 2147483647
4533.775225 2147483647
4533.777754 2147483647
4533.780234 2147483647
4533.782765 2147483647
4533.785013 2147483647
4533.787519 2147483647
4533.789987 2147483647
4533.792654 2147483647
4533.795229 2147483647
4533.797545 2147483647
4533.799997 2147483647
4533.802497 2147483647
4533.805023 2147483647
4533.807499 2147483647
4533.809998 2147483647
4533.812503 2147483647
4533.815147 2147483647
4533.817275 2147483647
4533.819716 2147483647
4533.822273 2147483647
4533.824776 2147483647
4533.827278 2147483647
4533.829661 2147483647
4533.832278 2147483647
4533.834721 2147483647
4533.837223 2147483647
4533.839739 2147483647
4533.842263 2147483647
4533.845006 2147483647
4533.847244 2147483647
4533.849512 2147483647
4533.852022 2147483647
4533.854568 2147483647
4533.857170 2147483647
4533.860799 2147483647
4533.863305 2147483647
4533.865802 2147483647
4533.868281 2147483647
4533.870710 2147483647
4533.873456 2147483647
4533.875800 2147483647
4533.878472 2147483647
4533.880825 2147483647
4533.883197 2147483647
4533.885581 2147483647
4533.888103 2147483647
4533.890549 2147483647
4533.893078 2147483647
4533.895615 2147483647
4533.898031 2147483647
4533.900558 2147483647
4533.903085 2147483647
4533.905714 2147483647
4533.908038 2147483647
4533.910569 2147483647
4533.913033 2147483647
4533.915300 2147483647
4533.917736 2147483647
4533.920362 2147483647
4533.922864 2147483647
4533.925295 2147483647
4533.927857 2147483647
4533.930335 2147483647
4533.932867 2147483647
4533.935378 2147483647
4533.938040 2147483647
4533.940371 2147483647
4533.942802 2147483647
4533.945374 2147483647
4533.947950 2147483647
4533.950105 2147483647
4533.952768 2147483647
4533.955149 2147483647
4533.957637 2147483647
4533.959991 2147483647
4533.962635 2147483647
4533.965153 2147483647
4533.967657 2147483647
4533.970180 2147483647
4533.972660 2147483647
4533.975167 2147483647
4533.977655 2147483647
4533.980114 2147483647
4533.982262 2147483647
4533.984946 2147483647
4533.987278 2147483647
4533.989859 2147483647
4533.992236 2147483647
4533.994956 2147483647
4533.997314 2147483647
4533.999935 2147483647
4534.002321 2147483647
4534.004884 2147483647
4534.007323 2147483647
4534.009820 2147483647
4534.012300 2147483647
4534.014576 2147483647
4534.017206 2147483647
4534.019709 2147483647
4534.022211 2147483647
4534.024734 2147483647
4534.027250 2147483647
4534.029762 2147483647
4534.032068 2147483647
4534.034723 2147483647
4534.037261 2147483647
4534.039640 2147483647
4534.042306 2147483647
4534.044760 2147483647
4534.047022 2147483647
4534.049524 2147483647
4534.051968 2147483647
4534.054482 2147483647
4534.056892 2147483647
4534.059553 2147483647
4534.061965 2147483647
4534.064555 2147483647
4534.067012 2147483647
4534.069544 2147483647
4534.072059 2147483647
4534.074519 2147483647
4534.076997 2147483647
4534.079331 2147483647
4534.081653 2147483647
4534.084320 2147483647
4534.086579 2147483647
4534.089069 2147483647
4534.091711 2147483647
4534.094205 2147483647
4534.096781 2147483647
4534.099250 2147483647
4534.101749 2147483647
4534.104166 2147483647
4534.106696 2147483647
4534.109312 2147483647
4534.111719 2147483647
4534.113955 2147483647
4534.116356 2147483647
4534.118872 2147483647
4534.121410 2147483647
4534.123882 2147483647
4534.126468 2147483647
4534.128961 2147483647
4534.131398 2147483647
4534.133911 2147483647
4534.136404 2147483647
4534.139013 2147483647
4534.141478 2147483647
4534.144954 2147483647
4534.147492 2147483647
4534.149914 2147483647
4534.152460 2147483647
4534.155122 2147483647
4534.157414 2147483647
4534.159927 2147483647
4534.162485 2147483647
4534.164884 2147483647
4534.167378 2147483647
4534.170070 2147483647
4534.172402 2147483647
4534.256872 2147483647
4534.259482 2147483647
4534.261892 2147483647
4534.264366 2147483647
4534.266870 2147483647
4534.269275 2147483647
4534.271951 2147483647
4534.274310 2147483647
4534.276843 2147483647
4534.279370 2147483647
4534.281599 2147483647
4534.284076 2147483647
4534.286573 2147483647
4534.289143 2147483647
4534.291644 2147483647
4534.294113 2147483647
4534.296586 2147483647
4534.299152 2147483647
4534.301744 2147483647
4534.304089 2147483647
4534.306686 2147483647
4534.309048 2147483647
4534.311615 2147483647
4534.314038 2147483647
4534.316488 2147483647
4534.319030 2147483647
4534.321544 2147483647
4534.323931 2147483647
4534.332667 2147483647
4534.335014 2147483647
4534.337650 2147483647
4534.340083 2147483647
4534.342634 2147483647
4534.345008 2147483647
4534.347550 2147483647
4534.349928 2147483647
4534.566140 2147483647
4534.568488 2147483647
4534.571125 2147483647
4534.573632 2147483647
4534.575938 2147483647
4534.578610 2147483647
4534.580730 2147483647
4534.583346 2147483647
4534.585738 2147483647
4534.588416 2147483647
4534.590757 2147483647
4534.593368 2147483647
4534.595730 2147483647
4534.598363 2147483647
4534.600737 2147483647
4534.603222 2147483647
4534.605729 2147483647
4534.608238 2147483647
4534.610720 2147483647
4534.613015 2147483647
4534.615630 2147483647
4534.618022 2147483647
4534.620630 2147483647
4534.622996 2147483647
4534.625624 2147483647
4534.627995 2147483647
4534.630611 2147483647
4534.633160 2147483647
4534.635729 2147483647
4534.638082 2147483647
4534.640656 2147483647
4534.643046 2147483647
4534.645304 2147483647
4534.647793 2147483647
4534.650434 2147483647
4534.652840 2147483647
4534.655414 2147483647
4534.657812 2147483647
4534.660458 2147483647
4534.662789 2147483647
4534.665423 2147483647
4534.669117 2147483647
4534.670301 2147483647
4534.672792 2147483647
4534.675370 2147483647
4534.677742 2147483647
4534.680123 2147483647
4534.682671 2147483647
4534.685063 2147483647
4534.687754 2147483647
4534.690210 2147483647
4534.692696 2147483647
4534.695217 2147483647
4534.697644 2147483647
4534.700134 2147483647
4534.702721 2147483647
4534.705243 2147483647
4534.707759 2147483647
4534.710149 2147483647
4534.713634 2147483647
4534.716204 2147483647
4534.718574 2147483647
4534.721141 2147483647
4534.723654 2147483647
4534.726371 2147483647
4534.728707 2147483647
4534.731214 2147483647
4534.733605 2147483647
4534.736110 2147483647
4534.738865 2147483647
4534.741134 2147483647
4534.743384 2147483647
4534.745911 2147483647
4534.748397 2147483647
4534.750810 2147483647
4534.753578 2147483647
4534.755903 2147483647
4534.758386 2147483647
4534.760887 2147483647
4534.763401 2147483647
4534.766057 2147483647
4534.768383 2147483647
4534.770882 2147483647
4534.773387 2147483647
4534.775658 2147483647
4534.778154 2147483647
4534.780616 2147483647
4534.783197 2147483647
4534.785649 2147483647
4534.788114 2147483647
4534.790489 2147483647
4534.793115 2147483647
4534.795749 2147483647
4534.798119 2147483647
4534.800499 2147483647
4534.802998 2147483647
4534.805773 2147483647
4534.808129 2147483647
4534.810389 2147483647
4534.812795 2147483647
4534.816647 2147483647
4534.817869 2147483647
4534.821665 2147483647
4534.822918 2147483647
4534.825275 2147483647
4534.827879 2147483647
4534.830558 2147483647
4534.834035 2147483647
4534.836793 2147483647
4534.839231 2147483647
4534.841445 2147483647
4534.843916 2147483647
4534.846477 2147483647
4534.848824 2147483647
4534.851424 2147483647
4534.853950 2147483647
4534.856482 2147483647
4534.858989 2147483647
4534.861613 2147483647
4534.864068 2147483647
4534.866681 2147483647
4534.869081 2147483647
4534.871629 2147483647
4534.873958 2147483647
4534.876325 2147483647
4534.878978 2147483647
4534.881270 2147483647
4534.883950 2147483647
4534.886330 2147483647
4534.888757 2147483647
4534.891242 2147483647
4534.893835 2147483647
4534.896296 2147483647
4534.898844 2147483647
4534.901354 2147483647
4534.903996 2147483647
4534.906365 2147483647
4534.908607 2147483647
4534.911070 2147483647
4534.913745 2147483647
4534.916081 2147483647
4534.918423 2147483647
4534.921085 2147483647
4534.923663 2147483647
4534.926165 2147483647
4534.928679 2147483647
4534.930930 2147483647
4534.933668 2147483647
4534.936131 2147483647
4534.938745 2147483647
4534.940732 2147483647
4534.943360 2147483647
4534.945952 2147483647
4534.948441 2147483647
4534.950843 2147483647
4534.953414 2147483647
4534.955910 2147483647
4534.958412 2147483647
4534.960893 2147483647
4534.963452 2147483647
4534.965901 2147483647
4534.968381 2147483647
4534.970871 2147483647
4534.973378 2147483647
4534.975453 2147483647
4534.978050 2147483647
4534.980615 2147483647
4534.983034 2147483647
4534.985581 2147483647
4534.988093 2147483647
4534.990666 2147483647
4534.993066 2147483647
4534.995512 2147483647
4534.997969 2147483647
4535.003115 2147483647
4535.007767 2147483647
4535.012793 2147483647
4535.017769 2147483647
4535.022880 2147483647
4535.028024 2147483647
4535.032902 2147483647
4535.037782 2147483647
4535.042677 2147483647
4535.047530 2147483647
4535.052694 2147483647
4535.057580 2147483647
4535.062564 2147483647
4535.067577 2147483647
4535.072575 2147483647
4535.077360 2147483647
4535.082328 2147483647
4535.087334 2147483647
4535.092360 2147483647
4535.097344 2147483647
4535.102346 2147483647
4535.107422 2147483647
4535.112166 2147483647
4535.117313 2147483647
4535.122330 2147483647
4535.127266 2147483647
4535.132257 2147483647
4535.137205 2147483647
4535.141906 2147483647
4535.148251 2147483647
4535.153217 2147483647
4535.158166 2147483647
4535.163167 2147483647
4535.168178 2147483647
4535.173137 2147483647
4535.177928 2147483647
4535.183071 2147483647
4535.188090 2147483647
4535.192973 2147483647
4535.197980 2147483647
4535.203132 2147483647
4535.207911 2147483647
4535.212897 2147483647
4535.217866 2147483647
4535.222897 2147483647
4535.227853 2147483647
4535.232859 2147483647
4535.237476 2147483647
4535.242509 2147483647
4535.247541 2147483647
4535.252539 2147483647
4535.257555 2147483647
4535.281068 2147483647
4535.286236 2147483647
4535.292000 2147483647
4535.296071 2147483647
4535.300868 2147483647
4535.305805 2147483647
4535.310852 2147483647
4535.315771 2147483647
4535.320838 2147483647
4535.325801 2147483647
4535.330827 2147483647
4535.335600 2147483647
4535.340547 2147483647
4535.345607 2147483647
4535.350606 2147483647
4535.355691 2147483647
4535.360699 2147483647
4535.365323 2147483647
4535.370337 2147483647
4535.375461 2147483647
4535.380490 2147483647
4535.385411 2147483647
4535.390544 2147483647
4535.395149 2147483647
4535.400453 2147483647
4535.405161 2147483647
4535.410243 2147483647
4535.415159 2147483647
4535.420149 2147483647
4535.425172 2147483647
4535.430079 2147483647
4535.435098 2147483647
4535.440109 2147483647
4535.445070 2147483647
4535.450127 2147483647
4535.454959 2147483647
4535.459743 2147483647
4535.529322 2147483647
4535.534498 2147483647
4535.539446 2147483647
4535.544454 2147483647
4535.549432 2147483647
4535.554086 2147483647
4535.559153 2147483647
4535.565319 2147483647
4535.570450 2147483647
4535.575352 2147483647
4535.580421 2147483647
4535.585076 2147483647
4535.590107 2147483647
4535.595437 2147483647
4535.600240 2147483647
4535.605194 2147483647
4535.610290 2147483647
4535.615162 2147483647
4535.619880 2147483647
4535.624967 2147483647
4535.629908 2147483647
4535.635073 2147483647
4535.639921 2147483647
4535.645027 2147483647
4535.649768 2147483647
4535.654771 2147483647
4535.659808 2147483647
4535.664815 2147483647
4535.676098 2147483647
4535.680970 2147483647
4535.685972 2147483647
4535.690872 2147483647
4535.695739 2147483647
4535.700743 2147483647
4535.705761 2147483647
4535.710944 2147483647
4535.930529 2147483647
4535.935499 2147483647
4535.940497 2147483647
4535.945496 2147483647
4535.950359 2147483647
4535.955415 2147483647
4535.960364 2147483647
4535.965557 2147483647
4535.970273 2147483647
4535.975246 2147483647
4535.980278 2147483647
4535.985030 2147483647
4535.990015 2147483647
4535.994995 2147483647
4536.000036 2147483647
4536.005207 2147483647
4536.010086 2147483647
4536.014938 2147483647
4536.019868 2147483647
4536.024843 2147483647
4536.029933 2147483647
4536.034855 2147483647
4536.039857 2147483647
4536.044865 2147483647
4536.049620 2147483647
4536.054748 2147483647
4536.059747 2147483647
4536.064776 2147483647
4536.069720 2147483647
4536.074782 2147483647
4536.079567 2147483647
4536.084382 2147483647
4536.089437 2147483647
4536.094544 2147483647
4536.099549 2147483647
4536.104539 2147483647
4536.109478 2147483647
4536.114326 2147483647
4536.119332 2147483647
4536.124340 2147483647
4536.129209 2147483647
4536.135460 2147483647
4536.140540 2147483647
4536.145253 2147483647
4536.150221 2147483647
4536.155378 2147483647
4536.160182 2147483647
4536.165201 2147483647
4536.170197 2147483647
4536.175059 2147483647
4536.180025 2147483647
4536.184950 2147483647
4536.191224 2147483647
4536.196242 2147483647
4536.201233 2147483647
4536.206265 2147483647
4536.211019 2147483647
4536.216010 2147483647
4536.219910 2147483647
4536.224774 2147483647
4536.231346 2147483647
4536.236076 2147483647
4536.240805 2147483647
4536.245802 2147483647
4536.250999 2147483647
4536.255869 2147483647
4536.260882 2147483647
4536.265890 2147483647
4536.270643 2147483647
4536.275650 2147483647
4536.280677 2147483647
4536.285658 2147483647
4536.290674 2147483647
4536.295792 2147483647
4536.300800 2147483647
4536.305554 2147483647
4536.310557 2147483647
4536.315571 2147483647
4536.320564 2147483647
4536.325575 2147483647
4536.330610 2147483647
4536.335583 2147483647
4536.340337 2147483647
4536.345344 2147483647
4536.350470 2147483647
4536.355479 2147483647
4536.360478 2147483647
4536.365491 2147483647
4536.370122 2147483647
4536.375134 2147483647
4536.382274 2147483647
4536.385800 2147483647
4536.390148 2147483647
4536.394877 2147483647
4536.400009 2147483647
4536.404779 2147483647
4536.409678 2147483647
4536.414775 2147483647
4536.419771 2147483647
4536.424856 2147483647
4536.431102 2147483647
4536.435946 2147483647
4536.440739 2147483647
4536.445743 2147483647
4536.450741 2147483647
4536.455707 2147483647
4536.460726 2147483647
4536.465755 2147483647
4536.470662 2147483647
4536.475498 2147483647
4536.480581 2147483647
4536.485367 2147483647
4536.490430 2147483647
4536.495425 2147483647
4536.500408 2147483647
4536.505172 2147483647
4536.510154 2147483647
4536.515287 2147483647
4536.520313 2147483647
4536.525127 2147483647
4536.530341 2147483647
4536.535277 2147483647
4536.540044 2147483647
4536.544926 2147483647
4536.549910 2147483647
4536.555030 2147483647
4536.560044 2147483647
4536.564994 2147483647
4536.570135 2147483647
4536.574788 2147483647
4536.579755 2147483647
4536.586105 2147483647
4536.591011 2147483647
4536.596081 2147483647
4536.601084 2147483647
4536.606116 2147483647
4536.610871 2147483647
4536.615963 2147483647
4536.620840 2147483647
4536.625862 2147483647
4536.631009 2147483647
4536.636032 2147483647
4536.640540 2147483647
4536.645780 2147483647
4536.650830 2147483647
4536.655652 2147483647
4536.660668 2147483647
4536.665612 2147483647
4536.670608 2147483647
4536.675598 2147483647
4536.680479 2147483647
4536.685321 2147483647
4536.690475 2147483647
4536.695506 2147483647
4536.700293 2147483647
4536.705459 2147483647
4536.710107 2147483647
4536.715136 2147483647
4536.720114 2147483647
4536.725072 2147483647
4536.730224 2147483647
4536.735134 2147483647
4536.740121 2147483647
4536.745008 2147483647
4536.749935 2147483647
4536.754933 2147483647
4536.759971 2147483647
4536.764862 2147483647
4536.769856 2147483647
4536.774976 2147483647
4536.779922 2147483647
4536.784631 2147483647
4536.789643 2147483647
4536.794620 2147483647
4536.802191 2147483647
4536.807093 2147483647
4536.812114 2147483647
4536.816972 2147483647
4536.821937 2147483647
4536.826978 2147483647
4536.831914 2147483647
4536.837024 2147483647
4536.841938 2147483647
4536.847030 2147483647
4536.851729 2147483647
4536.856779 2147483647
4536.861725 2147483647
4536.866762 2147483647
4536.871795 2147483647
4536.876693 2147483647
4536.881604 2147483647
4536.886478 2147483647
4536.891465 2147483647
4536.896474 2147483647
4536.901481 2147483647
4536.906502 2147483647
4536.911466 2147483647
4536.916184 2147483647
4536.921146 2147483647
4536.926157 2147483647
4536.931057 2147483647
4536.936160 2147483647
4536.941206 2147483647
4536.946091 2147483647
4536.951036 2147483647
4536.956011 2147483647
4536.961015 2147483647
4536.966105 2147483647
4536.971033 2147483647
4536.976197 2147483647
4536.981186 2147483647
4536.985911 2147483647
4536.990914 2147483647
4536.995786 2147483647
4537.000827 2147483647
4537.005774 2147483647
4537.010721 2147483647
4537.015592 2147483647
4537.020638 2147483647
4537.025624 2147483647
4537.030636 2147483647
4537.035634 2147483647
4537.040544 2147483647
4537.046768 2147483647
4537.051648 2147483647
4537.056533 2147483647
4537.061575 2147483647
4537.066488 2147483647
4537.071579 2147483647
4537.076624 2147483647
4537.080467 2147483647
4537.085178 2147483647
4537.091519 2147483647
4537.096443 2147483647
4537.101517 2147483647
4537.106315 2147483647
4537.111296 2147483647
4537.116244 2147483647
4537.121226 2147483647
4537.127405 2147483647
4537.132471 2147483647
4537.137357 2147483647
4537.142323 2147483647
4537.147493 2147483647
4537.261469 2147483647
4537.266511 2147483647
4537.271549 2147483647
4537.276509 2147483647
4537.281359 2147483647
4537.286204 2147483647
4537.291252 2147483647
4537.296579 2147483647
4537.301423 2147483647
4537.306476 2147483647
4537.311122 2147483647
4537.316096 2147483647
4537.322481 2147483647
4537.327321 2147483647
4537.332332 2147483647
4537.337299 2147483647
4537.342088 2147483647
4537.347179 2147483647
4537.350806 2147483647
4537.355857 2147483647
4537.362196 2147483647
4537.365942 2147483647
4537.372227 2147483647
4537.377188 2147483647
4537.382108 2147483647
4537.387067 2147483647
4537.391922 2147483647
4537.396864 2147483647
4537.401885 2147483647
4537.406998 2147483647
4537.412003 2147483647
4537.416981 2147483647
4537.421665 2147483647
4537.426765 2147483647
4537.431630 2147483647
4537.436635 2147483647
4537.441640 2147483647
4537.446667 2147483647
4537.451406 2147483647
4537.456466 2147483647
4537.461395 2147483647
4537.466411 2147483647
4537.471577 2147483647
4537.476458 2147483647
4537.481589 2147483647
4537.486141 2147483647
4537.491220 2147483647
4537.496264 2147483647
4537.501079 2147483647
4537.506239 2147483647
4537.511287 2147483647
4537.516249 2147483647
4537.521068 2147483647
4537.526022 2147483647
4537.531123 2147483647
4537.536025 2147483647
4537.541162 2147483647
4537.546039 2147483647
4537.551191 2147483647
4537.555731 2147483647
4537.560824 2147483647
4537.565853 2147483647
4537.570899 2147483647
4537.575861 2147483647
4537.581182 2147483647
4537.585917 2147483647
4537.591392 2147483647
4537.595642 2147483647
4537.600853 2147483647
4537.605720 2147483647
4537.610825 2147483647
4537.615685 2147483647
4537.621013 2147483647
4537.625657 2147483647
4537.630814 2147483647
4537.635589 2147483647
4537.640883 2147483647
4537.645776 2147483647
4537.650617 2147483647
4537.655735 2147483647
4537.660589 2147483647
4537.665259 2147483647
4537.670370 2147483647
4537.675335 2147483647
4537.680441 2147483647
4537.685415 2147483647
4537.690444 2147483647
4537.695370 2147483647
4537.700232 2147483647
4537.705256 2147483647
4537.710210 2147483647
4537.715200 2147483647
4537.720249 2147483647
4537.725172 2147483647
4537.730299 2147483647
4537.734791 2147483647
4537.739989 2147483647
4537.744771 2147483647
4537.749936 2147483647
4537.754757 2147483647
4537.759958 2147483647
4537.764791 2147483647
4537.769733 2147483647
4537.774543 2147483647
4537.779748 2147483647
4537.784671 2147483647
4537.789741 2147483647
4537.794564 2147483647
4537.800088 2147483647
4537.804337 2147483647
4537.809323 2147483647
4537.814375 2147483647
4537.819361 2147483647
4537.824266 2147483647
4537.829467 2147483647
4537.834304 2147483647
4537.840458 2147483647
4537.844067 2147483647
4537.849069 2147483647
4537.854208 2147483647
4537.859047 2147483647
4537.864148 2147483647
4537.869136 2147483647
4537.874004 2147483647
4537.880099 2147483647
4537.885252 2147483647
4537.890179 2147483647
4537.895170 2147483647
4537.900100 2147483647
4537.904907 2147483647
4537.909911 2147483647
4537.914814 2147483647
4537.919922 2147483647
4537.924949 2147483647
4537.928772 2147483647
4537.934934 2147483647
4537.939640 2147483647
4537.944693 2147483647
4537.986809 2147483647
4538.707250 2147483647
4538.709782 2147483647
4538.712125 2147483647
4538.714333 2147483647
4538.716758 2147483647
4538.719364 2147483647
4538.721916 2147483647
4538.724368 2147483647
4538.726902 2147483647
4538.729408 2147483647
4538.731927 2147483647
4538.734375 2147483647
4538.736735 2147483647
4538.739476 2147483647
4538.741808 2147483647
4538.744433 2147483647
4538.749181 2147483647
4538.755325 2147483647
4538.760446 2147483647
4538.765493 2147483647
4538.770477 2147483647
4538.775431 2147483647
4538.780168 2147483647
4538.785237 2147483647
4538.790141 2147483647
4538.793889 2147483647
4538.799040 2147483647
4538.805305 2147483647
4538.810292 2147483647
4538.814984 2147483647
4538.819991 2147483647
4538.825120 2147483647
4538.829927 2147483647
4538.834976 2147483647
4538.839979 2147483647
4538.844893 2147483647
4538.849795 2147483647
4538.854771 2147483647
4538.859753 2147483647
4538.864703 2147483647
4538.869669 2147483647
4538.875364 2147483647
4539.331756 2147483647
4539.332866 2147483647
4539.334313 2147483647
4539.335381 2147483647
4539.336766 2147483647
4539.338015 2147483647
4539.339234 2147483647
4539.340391 2147483647
4539.341555 2147483647
4539.342769 2147483647
4539.344018 2147483647
4539.345276 2147483647
4539.346331 2147483647
4539.347746 2147483647
4539.349032 2147483647
4539.350248 2147483647
4539.352684 2147483647
4539.355280 2147483647
4539.357828 2147483647
4539.360285 2147483647
4539.362790 2147483647
4539.365359 2147483647
4539.367825 2147483647
4539.370323 2147483647
4539.372651 2147483647
4539.375087 2147483647
4539.377406 2147483647
4539.380058 2147483647
4539.382472 2147483647
4539.385060 2147483647
4539.387294 2147483647
4539.390576 2147483647
4539.394296 2147483647
4539.396370 2147483647
4539.919991 2147483647
4539.922491 2147483647
4539.924996 2147483647
4539.927303 2147483647
4539.929890 2147483647
4539.933692 2147483647
4539.936196 2147483647
4539.938706 2147483647
4539.941268 2147483647
4539.943519 2147483647
4539.946020 2147483647
4539.948399 2147483647
4539.951025 2147483647
4539.953406 2147483647
4539.955950 2147483647
4539.958381 2147483647
4539.963415 2147483647
4539.968574 2147483647
4539.973552 2147483647
4539.978310 2147483647
4539.983316 2147483647
4539.988285 2147483647
4539.993326 2147483647
4539.998199 2147483647
4540.003135 2147483647
4540.008143 2147483647
4540.013119 2147483647
4540.018010 2147483647
4540.023021 2147483647
4540.028021 2147483647
4540.032956 2147483647
4540.037980 2147483647
4540.042967 2147483647
4540.047782 2147483647
4540.052756 2147483647
4540.057827 2147483647
4540.062719 2147483647
4540.067987 2147483647
4540.072736 2147483647
4540.077839 2147483647
4540.082634 2147483647
4540.087589 2147483647
4540.092517 2147483647
4540.097477 2147483647
4540.102512 2147483647
4540.107533 2147483647
4540.112631 2147483647
4540.117280 2147483647
4540.122289 2147483647
4540.127327 2147483647
4540.132300 2147483647
4540.137408 2147483647
4540.142479 2147483647
4540.147176 2147483647
4540.152188 2147483647
4540.157103 2147483647
4540.162070 2147483647
4540.167130 2147483647
4540.171970 2147483647
4540.177091 2147483647
4540.181811 2147483647
4540.186867 2147483647
4540.191842 2147483647
4540.196885 2147483647
4540.201889 2147483647
4540.206934 2147483647
4540.212004 2147483647
4540.216743 2147483647
4540.221722 2147483647
4540.226762 2147483647
4540.231705 2147483647
4540.236764 2147483647
4540.241520 2147483647
4540.246554 2147483647
4540.251337 2147483647
4540.256419 2147483647
4540.261477 2147483647
4540.266533 2147483647
4540.271436 2147483647
4540.276430 2147483647
4540.281136 2147483647
4540.286117 2147483647
4540.291145 2147483647
4540.296119 2147483647
4540.301103 2147483647
4540.306118 2147483647
4540.311403 2147483647
4540.316137 2147483647
4540.320995 2147483647
4540.326004 2147483647
4540.332171 2147483647
4540.337148 2147483647
4540.342124 2147483647
4540.347161 2147483647
4540.352001 2147483647
4540.356885 2147483647
4540.360639 2147483647
4540.365713 2147483647
4540.370719 2147483647
4540.376811 2147483647
4540.381996 2147483647
4540.386662 2147483647
4540.391764 2147483647
4540.396728 2147483647
4540.401677 2147483647
4540.406740 2147483647
4540.411614 2147483647
4540.416765 2147483647
4540.421798 2147483647
4540.426504 2147483647
4540.430210 2147483647
4540.432790 2147483647
4540.435267 2147483647
4540.437786 2147483647
4540.440273 2147483647
4540.442804 2147483647
4540.445283 2147483647
4540.447650 2147483647
4540.450148 2147483647
4540.452773 2147483647
4540.455242 2147483647
4540.457744 2147483647
4540.460087 2147483647
4540.462546 2147483647
4540.464967 2147483647
4540.467528 2147483647
4540.470141 2147483647
4540.472388 2147483647
4540.475137 2147483647
4540.477442 2147483647
4540.479977 2147483647
4540.482464 2147483647
4540.484925 2147483647
4540.487422 2147483647
4540.489886 2147483647
4540.492172 2147483647
4540.494667 2147483647
4540.497166 2147483647
4540.499944 2147483647
4540.502167 2147483647
4540.504831 2147483647
4540.507161 2147483647
4540.509752 2147483647
4540.512181 2147483647
4540.514674 2147483647
4540.517200 2147483647
4540.519696 2147483647
4540.522155 2147483647
4540.524699 2147483647
4540.526936 2147483647
4540.529439 2147483647
4540.531944 2147483647
4540.534446 2147483647
4540.536940 2147483647
4540.539625 2147483647
4540.541969 2147483647
4540.544606 2147483647
4540.547127 2147483647
4540.549629 2147483647
4540.552108 2147483647
4540.554634 2147483647
4540.557122 2147483647
4540.559710 2147483647
4540.561735 2147483647
4540.564295 2147483647
4540.566761 2147483647
4540.569215 2147483647
4540.571732 2147483647
4540.574253 2147483647
4540.576742 2147483647
4540.579395 2147483647
4540.581820 2147483647
4540.584220 2147483647
4540.586762 2147483647
4540.589500 2147483647
4540.591831 2147483647
4540.594307 2147483647
4540.596412 2147483647
4540.599102 2147483647
4540.601630 2147483647
4540.604097 2147483647
4540.606556 2147483647
4540.609139 2147483647
4540.611515 2147483647
4540.614668 2147483647
4541.402432 2147483647
4541.403719 2147483647
4541.405164 2147483647
4541.918050 2147483647
4541.920178 2147483647
4541.922679 2147483647
4541.925308 2147483647
4541.927684 2147483647
4541.930315 2147483647
4541.932816 2147483647
4541.935245 2147483647
4541.937814 2147483647
4541.940354 2147483647
4541.944076 2147483647
4541.946579 2147483647
4541.949080 2147483647
4541.951158 2147483647
4541.953840 2147483647
4541.956311 2147483647
4541.961209 2147483647
4541.966352 2147483647
4541.971369 2147483647
4541.976327 2147483647
4541.981368 2147483647
4541.986198 2147483647
4541.991061 2147483647
4541.996075 2147483647
4542.003637 2147483647
4542.008642 2147483647
4542.013642 2147483647
4542.018398 2147483647
4542.023405 2147483647
4542.028279 2147483647
4542.033440 2147483647
4542.038418 2147483647
4542.043450 2147483647
4542.048177 2147483647
4542.053182 2147483647
4542.058188 2147483647
4542.063321 2147483647
4542.068322 2147483647
4542.073329 2147483647
4542.078208 2147483647
4542.084239 2147483647
4542.089225 2147483647
4542.094218 2147483647
4542.099239 2147483647
4542.102984 2147483647
4542.107993 2147483647
4542.112865 2147483647
4542.117776 2147483647
4542.123917 2147483647
4542.129013 2147483647
4542.133918 2147483647
4542.138843 2147483647
4542.143929 2147483647
4542.148906 2147483647
4542.153532 2147483647
4542.158666 2147483647
4542.163541 2147483647
4542.168676 2147483647
4542.173691 2147483647
4542.178687 2147483647
4542.183352 2147483647
4542.188459 2147483647
4542.195719 2147483647
4542.198777 2147483647
4542.203209 2147483647
4542.208205 2147483647
4542.213466 2147483647
4542.218306 2147483647
4542.223188 2147483647
4542.230660 2147483647
4542.342387 2147483647
4542.344848 2147483647
4542.347375 2147483647
4542.349922 2147483647
4542.352132 2147483647
4542.357178 2147483647
4542.362144 2147483647
4542.367222 2147483647
4542.372195 2147483647
4542.377166 2147483647
4542.382245 2147483647
4542.386959 2147483647
4542.391914 2147483647
4542.396876 2147483647
4542.402011 2147483647
4542.407054 2147483647
4542.412030 2147483647
4542.417087 2147483647
4542.421779 2147483647
4542.426818 2147483647
4542.431823 2147483647
4542.436797 2147483647
4542.441712 2147483647
4542.446674 2147483647
4542.451889 2147483647
4542.456750 2147483647
4542.461816 2147483647
4542.466832 2147483647
4542.471521 2147483647
4542.476535 2147483647
4542.481530 2147483647
4542.486474 2147483647
4542.491496 2147483647
4542.496444 2147483647
4542.501577 2147483647
4542.506306 2147483647
4542.511324 2147483647
4542.516238 2147483647
4542.521540 2147483647
4542.526396 2147483647
4542.531347 2147483647
4542.536402 2147483647
4542.541148 2147483647
4542.547359 2147483647
4542.552282 2147483647
4542.557295 2147483647
4542.562455 2147483647
4542.567413 2147483647
4542.572345 2147483647
4542.575806 2147483647
4542.580807 2147483647
4542.585816 2147483647
4542.591982 2147483647
4542.597034 2147483647
4542.602076 2147483647
4542.607044 2147483647
4542.611747 2147483647
4542.616842 2147483647
4542.621809 2147483647
4542.626873 2147483647
4542.631853 2147483647
4542.636851 2147483647
4542.641889 2147483647
4542.646571 2147483647
4542.651604 2147483647
4542.656629 2147483647
4542.661468 2147483647
4542.666606 2147483647
4542.671622 2147483647
4542.676672 2147483647
4542.681406 2147483647
4542.686362 2147483647
4542.691450 2147483647
4542.696354 2147483647
4542.701376 2147483647
4542.706358 2147483647
4542.711454 2147483647
4542.716158 2147483647
4542.721208 2147483647
4542.726043 2147483647
4542.731159 2147483647
4542.737640 2147483647
4542.740971 2147483647
4542.745944 2147483647
4542.750836 2147483647
4542.755736 2147483647
4542.760766 2147483647
4542.765867 2147483647
4542.770921 2147483647
4542.775865 2147483647
4542.780975 2147483647
4542.785566 2147483647
4542.790518 2147483647
4542.795519 2147483647
4542.800562 2147483647
4542.805526 2147483647
4542.810541 2147483647
4542.815600 2147483647
4542.820350 2147483647
4542.825298 2147483647
4542.830361 2147483647
4542.835309 2147483647
4542.840370 2147483647
4542.845378 2147483647
4542.850356 2147483647
4542.855137 2147483647
4542.860193 2147483647
4542.865095 2147483647
4542.870255 2147483647
4542.875140 2147483647
4542.880178 2147483647
4542.885239 2147483647
4542.889918 2147483647
4542.895082 2147483647
4542.899834 2147483647
4542.904821 2147483647
4542.909967 2147483647
4542.914837 2147483647
4542.919923 2147483647
4542.924845 2147483647
4542.929635 2147483647
4542.934725 2147483647
4542.939584 2147483647
4542.944757 2147483647
4542.949712 2147483647
4542.954685 2147483647
4542.959338 2147483647
4542.965735 2147483647
4542.970589 2147483647
4542.974488 2147483647
4542.979421 2147483647
4542.984428 2147483647
4542.989410 2147483647
4542.994149 2147483647
4542.999181 2147483647
4543.004127 2147483647
4543.010468 2147483647
4543.015490 2147483647
4543.020570 2147483647
4543.025587 2147483647
4543.030215 2147483647
4543.035219 2147483647
4543.040204 2147483647
4543.045229 2147483647
4543.050232 2147483647
4543.055402 2147483647
4543.060238 2147483647
4543.065124 2147483647
4543.070008 2147483647
4543.075122 2147483647
4543.080107 2147483647
4543.085021 2147483647
4543.089923 2147483647
4543.094989 2147483647
4543.099837 2147483647
4543.104821 2147483647
4543.109887 2147483647
4543.114898 2147483647
4543.119914 2147483647
4543.124765 2147483647
4543.129419 2147483647
4543.134429 2147483647
4543.139431 2147483647
4543.144446 2147483647
4543.149422 2147483647
4543.154453 2147483647
4543.159497 2147483647
4543.164203 2147483647
4543.169394 2147483647
4543.174428 2147483647
4543.179469 2147483647
4543.184402 2147483647
4543.193358 2147483647
4544.680399 2147483647
4544.683071 2147483647
4544.685548 2147483647
4544.687881 2147483647
4544.690220 2147483647
4544.692779 2147483647
4544.695356 2147483647
4544.697768 2147483647
4544.700267 2147483647
4544.702774 2147483647
4544.705324 2147483647
4544.707761 2147483647
4544.710201 2147483647
4544.712747 2147483647
4544.715283 2147483647
4544.717770 2147483647
4544.723720 2147483647
4544.728777 2147483647
4544.733778 2147483647
4544.738778 2147483647
4544.743643 2147483647
4544.748781 2147483647
4544.753929 2147483647
4544.758555 2147483647
4544.762288 2147483647
4544.768579 2147483647
4544.773630 2147483647
4544.778669 2147483647
4544.783640 2147483647
4544.788651 2147483647
4544.793283 2147483647
4544.798285 2147483647
4544.803232 2147483647
4544.808400 2147483647
4544.813264 2147483647
4544.818464 2147483647
4544.823188 2147483647
4544.828223 2147483647
4544.833077 2147483647
4544.838053 2147483647
4544.843060 2147483647
4544.848199 2147483647
4544.853229 2147483647
4544.857967 2147483647
4544.862923 2147483647
4544.867961 2147483647
4544.872940 2147483647
4544.878042 2147483647
4544.882862 2147483647
4544.888064 2147483647
4544.892685 2147483647
4544.897796 2147483647
4544.902593 2147483647
4544.907727 2147483647
4544.912613 2147483647
4544.917720 2147483647
4544.922600 2147483647
4544.927401 2147483647
4544.932477 2147483647
4544.937469 2147483647
4544.942375 2147483647
4544.947371 2147483647
4544.952387 2147483647
4544.957402 2147483647
4544.962201 2147483647
4544.967154 2147483647
4544.972107 2147483647
4544.977142 2147483647
4544.982161 2147483647
4544.987181 2147483647
4544.992170 2147483647
4544.996942 2147483647
4545.001912 2147483647
4545.006781 2147483647
4545.012014 2147483647
4545.016859 2147483647
4545.021874 2147483647
4545.026862 2147483647
4545.031633 2147483647
4545.036679 2147483647
4545.041627 2147483647
4545.046652 2147483647
4545.051640 2147483647
4545.056673 2147483647
4545.061708 2147483647
4545.066559 2147483647
4545.071472 2147483647
4545.076441 2147483647
4545.081487 2147483647
4545.086481 2147483647
4545.091449 2147483647
4545.096501 2147483647
4545.101305 2147483647
4545.106286 2147483647
4545.111313 2147483647
4545.116310 2147483647
4545.121197 2147483647
4545.126224 2147483647
4545.131165 2147483647
4545.136034 2147483647
4545.141101 2147483647
4545.147231 2147483647
4545.152238 2147483647
4545.157309 2147483647
4545.162338 2147483647
4545.167264 2147483647
4545.170821 2147483647
4545.175860 2147483647
4545.180829 2147483647
4545.185756 2147483647
4545.192219 2147483647
4545.197102 2147483647
4545.202001 2147483647
4545.206858 2147483647
4545.211892 2147483647
4545.216746 2147483647
4545.221998 2147483647
4545.226750 2147483647
4545.231846 2147483647
4545.236780 2147483647
4545.406964 2147483647
4545.409587 2147483647
4545.411483 2147483647
4545.414112 2147483647
4545.416518 2147483647
4545.419184 2147483647
4545.421631 2147483647
4545.424026 2147483647
4545.426497 2147483647
4545.429294 2147483647
4545.431649 2147483647
4545.434193 2147483647
4545.436587 2147483647
4545.439128 2147483647
4545.441564 2147483647
4545.444239 2147483647
4545.446436 2147483647
4545.448949 2147483647
4545.451421 2147483647
4545.453831 2147483647
4545.456361 2147483647
4545.458823 2147483647
4545.461303 2147483647
4545.463880 2147483647
4545.466349 2147483647
4545.469143 2147483647
4545.471427 2147483647
4545.473889 2147483647
4545.476436 2147483647
4545.478728 2147483647
4545.481212 2147483647
4545.483646 2147483647
4545.486285 2147483647
4545.488591 2147483647
4545.491093 2147483647
4545.493685 2147483647
4545.496156 2147483647
4545.498631 2147483647
4545.501117 2147483647
4545.503650 2147483647
4545.506200 2147483647
4545.508682 2147483647
4545.511101 2147483647
4545.513494 2147483647
4545.515972 2147483647
4545.518489 2147483647
4545.520943 2147483647
4545.523465 2147483647
4545.532947 2147483647
4547.105983 2147483647
4547.107230 2147483647
4547.108490 2147483647
4547.109634 2147483647
4547.110880 2147483647
4547.112021 2147483647
4547.113292 2147483647
4547.114529 2147483647
4547.115781 2147483647
4547.116903 2147483647
4547.118282 2147483647
4547.119358 2147483647
4547.120723 2147483647
4547.122113 2147483647
4547.123321 2147483647
4547.124635 2147483647
4547.127114 2147483647
4547.129542 2147483647
4547.134536 2147483647
4547.139587 2147483647
4547.144267 2147483647
4547.149267 2147483647
4547.154277 2147483647
4547.159246 2147483647
4547.164268 2147483647
4547.169225 2147483647
4547.174269 2147483647
4547.179026 2147483647
4547.184089 2147483647
4547.189277 2147483647
4547.194284 2147483647
4547.199315 2147483647
4547.204315 2147483647
4547.209181 2147483647
4547.213581 2147483647
4547.218347 2147483647
4547.223270 2147483647
4547.228326 2147483647
4547.233286 2147483647
4547.238166 2147483647
4547.243098 2147483647
4547.248053 2147483647
4547.253195 2147483647
4547.258225 2147483647
4547.263215 2147483647
4547.268210 2147483647
4547.272991 2147483647
4547.277991 2147483647
4547.283032 2147483647
4547.288001 2147483647
4547.292846 2147483647
4547.297859 2147483647
4547.302913 2147483647
4547.307605 2147483647
4547.312646 2147483647
4547.317667 2147483647
4547.322661 2147483647
4547.327630 2147483647
4547.332712 2147483647
4547.337711 2147483647
4547.342446 2147483647
4547.347619 2147483647
4547.352521 2147483647
4547.357447 2147483647
4547.362458 2147483647
4547.367600 2147483647
4547.372274 2147483647
4547.377277 2147483647
4547.382232 2147483647
4547.387316 2147483647
4547.392260 2147483647
4547.397377 2147483647
4547.402300 2147483647
4547.407191 2147483647
4547.412036 2147483647
4547.416985 2147483647
4547.422010 2147483647
4547.427003 2147483647
4547.432002 2147483647
4547.436848 2147483647
4547.441787 2147483647
4547.446771 2147483647
4547.452006 2147483647
4547.457043 2147483647
4547.461687 2147483647
4547.466696 2147483647
4547.471474 2147483647
4547.476493 2147483647
4547.481477 2147483647
4547.486616 2147483647
4547.491485 2147483647
4547.496501 2147483647
4547.501262 2147483647
4547.506283 2147483647
4547.511407 2147483647
4547.516417 2147483647
4547.521479 2147483647
4547.526477 2147483647
4547.532481 2147483647
4547.537421 2147483647
4547.542443 2147483647
4547.547338 2147483647
4547.551093 2147483647
4547.555964 2147483647
4547.561009 2147483647
4547.565867 2147483647
4547.572169 2147483647
4547.577068 2147483647
4547.582026 2147483647
4547.586997 2147483647
4547.592102 2147483647
4547.597238 2147483647
4547.601944 2147483647
4547.606917 2147483647
4547.611856 2147483647
4547.616909 2147483647
4547.621904 2147483647
4547.627068 2147483647
4547.631628 2147483647
4547.636698 2147483647
4547.641802 2147483647
4547.646593 2147483647
4547.651662 2147483647
4547.656610 2147483647
4547.662258 2147483647
4549.246382 2147483647
4549.249037 2147483647
4549.251479 2147483647
4549.254080 2147483647
4549.256480 2147483647
4549.258672 2147483647
4549.261193 2147483647
4549.263843 2147483647
4549.266299 2147483647
4549.268801 2147483647
4549.271156 2147483647
4549.273811 2147483647
4549.276425 2147483647
4549.278779 2147483647
4549.281386 2147483647
4549.283896 2147483647
4549.288926 2147483647
4549.293645 2147483647
4549.298710 2147483647
4549.303665 2147483647
4549.308707 2147483647
4549.313533 2147483647
4549.319921 2147483647
4549.324651 2147483647
4549.328645 2147483647
4549.333454 2147483647
4549.338527 2147483647
4549.343405 2147483647
4549.348276 2147483647
4549.354543 2147483647
4549.359538 2147483647
4549.364473 2147483647
4549.369521 2147483647
4549.374388 2147483647
4549.379302 2147483647
4549.384431 2147483647
4549.389199 2147483647
4549.394080 2147483647
4549.399204 2147483647
4549.404214 2147483647
4549.409090 2147483647
4549.414123 2147483647
4549.419227 2147483647
4549.424035 2147483647
4549.428883 2147483647
4549.433863 2147483647
4549.438882 2147483647
4549.443880 2147483647
4549.448862 2147483647
4549.453683 2147483647
4549.458688 2147483647
4549.463691 2147483647
4549.468692 2147483647
4549.473670 2147483647
4549.478735 2147483647
4549.483774 2147483647
4549.488657 2147483647
4549.493662 2147483647
4549.498576 2147483647
4549.503670 2147483647
4549.508643 2147483647
4549.513631 2147483647
4549.518564 2147483647
4549.523199 2147483647
4549.528309 2147483647
4549.533234 2147483647
4549.538250 2147483647
4549.543306 2147483647
4549.548373 2147483647
4549.553040 2147483647
4549.558043 2147483647
4549.563052 2147483647
4549.568034 2147483647
4549.573038 2147483647
4549.578031 2147483647
4549.583003 2147483647
4549.587809 2147483647
4549.592762 2147483647
4549.597832 2147483647
4549.602815 2147483647
4549.607806 2147483647
4549.612707 2147483647
4549.617818 2147483647
4549.622600 2147483647
4549.627573 2147483647
4549.632608 2147483647
4549.637462 2147483647
4549.642664 2147483647
4549.647618 2147483647
4549.652674 2147483647
4549.657498 2147483647
4549.662469 2147483647
4549.667444 2147483647
4549.672564 2147483647
4549.677459 2147483647
4549.682549 2147483647
4549.687463 2147483647
4549.692218 2147483647
4549.697226 2147483647
4549.702230 2147483647
4549.707360 2147483647
4549.712397 2147483647
4549.717242 2147483647
4549.722037 2147483647
4549.727004 2147483647
4549.732161 2147483647
4549.737014 2147483647
4549.742013 2147483647
4549.747026 2147483647
4549.752153 2147483647
4549.756781 2147483647
4549.761908 2147483647
4549.766794 2147483647
4549.771890 2147483647
4549.777928 2147483647
4549.783054 2147483647
4549.787800 2147483647
4549.792880 2147483647
4549.797715 2147483647
4549.802960 2147483647
4549.806717 2147483647
4549.811727 2147483647
4549.817852 2147483647
4549.822828 2147483647
4549.827751 2147483647
4549.887097 2147483647
4549.892116 2147483647
4549.897040 2147483647
4549.902158 2147483647
4549.907050 2147483647
4549.912057 2147483647
4549.917076 2147483647
4549.921820 2147483647
4549.926868 2147483647
4549.930211 2147483647
4551.664644 2147483647
4551.665965 2147483647
4551.667163 2147483647
4551.668325 2147483647
4551.669496 2147483647
4551.670934 2147483647
4551.672154 2147483647
4551.673354 2147483647
4551.674558 2147483647
4551.675932 2147483647
4551.677077 2147483647
4551.678429 2147483647
4551.679808 2147483647
4551.680905 2147483647
4551.682187 2147483647
4551.683338 2147483647
4551.685822 2147483647
4551.688442 2147483647
4551.690941 2147483647
4551.693416 2147483647
4551.695867 2147483647
4551.698169 2147483647
4551.700630 2147483647
4551.703193 2147483647
4551.705572 2147483647
4551.708103 2147483647
4551.710809 2147483647
4551.713204 2147483647
4551.715589 2147483647
4551.718096 2147483647
4551.720801 2147483647
4551.723064 2147483647
4551.725689 2147483647
4551.728128 2147483647
4551.730698 2147483647
4551.732854 2147483647
4551.735580 2147483647
4551.737970 2147483647
4551.740520 2147483647
4551.742875 2147483647
4551.745479 2147483647
4551.747940 2147483647
4551.750472 2147483647
4551.752914 2147483647
4551.755409 2147483647
4551.757943 2147483647
4551.760464 2147483647
4551.762920 2147483647
4551.765421 2147483647
4551.767615 2147483647
4551.770181 2147483647
4551.772644 2147483647
4551.775155 2147483647
4551.777605 2147483647
4551.780170 2147483647
4551.782677 2147483647
4551.785091 2147483647
4551.787636 2147483647
4551.790138 2147483647
4551.792609 2147483647
4551.795095 2147483647
4551.797727 2147483647
4551.799873 2147483647
4551.802370 2147483647
4551.804873 2147483647
4551.807395 2147483647
4551.809891 2147483647
4551.812392 2147483647
4551.814971 2147483647
4551.817415 2147483647
4551.819865 2147483647
4551.822412 2147483647
4551.824865 2147483647
4551.827403 2147483647
4551.830017 2147483647
4551.832443 2147483647
4551.836898 2147483647
4551.837135 2147483647
4551.839568 2147483647
4551.842059 2147483647
4551.844567 2147483647
4551.847086 2147483647
4551.849589 2147483647
4551.852171 2147483647
4551.854683 2147483647
4551.857119 2147483647
4551.859620 2147483647
4551.862111 2147483647
4551.864610 2147483647
4551.867127 2147483647
4551.869419 2147483647
4551.871899 2147483647
4551.874390 2147483647
4551.876920 2147483647
4551.879403 2147483647
4551.881915 2147483647
4551.884411 2147483647
4551.886934 2147483647
4551.889473 2147483647
4551.891938 2147483647
4551.894419 2147483647
4551.896896 2147483647
4551.899521 2147483647
4551.901745 2147483647
4551.904199 2147483647
4551.906723 2147483647
4551.909193 2147483647
4551.911746 2147483647
4551.914262 2147483647
4551.916653 2147483647
4551.919290 2147483647
4551.921886 2147483647
4551.923485 2147483647
4551.926152 2147483647
4551.928360 2147483647
4551.930774 2147483647
4551.933247 2147483647
4551.935733 2147483647
4551.938280 2147483647
4551.940914 2147483647
4551.943234 2147483647
4551.945743 2147483647
4551.948268 2147483647
4551.953145 2147483647
4551.958155 2147483647
4551.963036 2147483647
4551.968253 2147483647
4551.973004 2147483647
4551.978074 2147483647
4551.983073 2147483647
4551.989211 2147483647
4551.992969 2147483647
4551.997797 2147483647
4552.002730 2147483647
4552.007863 2147483647
4552.012745 2147483647
4552.017750 2147483647
4552.022754 2147483647
4552.028995 2147483647
4552.033762 2147483647
4552.038709 2147483647
4552.043814 2147483647
4552.048736 2147483647
4552.053724 2147483647
4552.056887 2147483647
