[11443.064095 2147483647
[11443.068938 2147483647
[11443.071225 2147483647
[11443.073665 2147483647
[11443.076221 2147483647
[11443.078639 2147483647
[11443.081322 2147483647
[11443.083465 2147483647
[11443.086316 2147483647
[11443.088823 2147483647
[11443.091304 2147483647
[11443.093726 2147483647
[11443.096355 2147483647
[11443.097662 2147483647
[11443.099983 2147483647
[11443.102226 2147483647
[11443.104679 2147483647
[11443.107337 2147483647
[11443.109738 2147483647
[11443.112339 2147483647
[11443.115825 2147483647
[11443.118575 2147483647
[11443.121072 2147483647
[11443.123554 2147483647
[11443.126071 2147483647
[11443.128557 2147483647
[11443.131053 2147483647
[11443.133297 2147483647
[11443.135800 2147483647
[11443.137050 2147483647
[11443.139637 2147483647
[11443.143385 2147483647
[11443.145626 2147483647
[11443.148082 2147483647
[11443.150869 2147483647
[11443.152132 2147483647
[11443.154579 2147483647
[11443.155902 2147483647
[11443.158328 2147483647
[11443.160854 2147483647
[11443.163119 2147483647
[11443.166849 2147483647
[11443.169340 2147483647
[11443.171835 2147483647
[11443.174293 2147483647
[11443.176830 2147483647
[11443.179354 2147483647
[11443.181822 2147483647
[11443.184325 2147483647
[11443.186837 2147483647
[11443.189350 2147483647
[11443.191818 2147483647
[11443.194064 2147483647
[11443.195262 2147483647
[11443.197806 2147483647
[11443.200301 2147483647
[11443.202799 2147483647
[11443.205262 2147483647
[11443.207792 2147483647
[11443.210567 2147483647
[11443.212809 2147483647
[11443.215486 2147483647
[11443.220523 2147483647
[11443.222759 2147483647
[11443.225021 2147483647
[11443.227508 2147483647
[11443.230280 2147483647
[11443.232694 2147483647
[11443.235154 2147483647
[11443.237652 2147483647
[11443.241427 2147483647
[11443.243923 2147483647
[11443.246402 2147483647
[11443.248918 2147483647
[11443.251386 2147483647
[11443.253911 2147483647
[11443.256175 2147483647
[11443.257363 2147483647
[11443.259897 2147483647
[11443.262394 2147483647
[11443.264891 2147483647
[11443.267395 2147483647
[11443.268635 2147483647
[11443.271139 2147483647
[11443.273875 2147483647
[11443.276287 2147483647
[11443.278891 2147483647
[11443.281110 2147483647
[11443.286324 2147483647
[11443.290849 2147483647
[11443.296109 2147483647
[11443.301104 2147483647
[11443.306107 2147483647
[11443.311066 2147483647
[11443.316058 2147483647
[11443.320799 2147483647
[11443.325790 2147483647
[11443.330783 2147483647
[11443.335775 2147483647
[11443.340766 2147483647
[11443.345696 2147483647
[11443.350501 2147483647
[11443.355501 2147483647
[11443.360763 2147483647
[11443.365753 2147483647
[11443.370494 2147483647
[11443.375735 2147483647
[11443.380473 2147483647
[11443.385196 2147483647
[11443.387693 2147483647
[11443.390464 2147483647
[11443.392710 2147483647
[11443.395482 2147483647
[11443.397666 2147483647
[11443.400182 2147483647
[11443.402671 2147483647
[11443.405409 2147483647
[11443.407892 2147483647
[11443.410387 2147483647
[11443.412618 2147483647
[11443.414898 2147483647
[11443.417602 2147483647
[11443.420112 2147483647
[11443.422537 2147483647
[11443.424881 2147483647
[11443.427607 2147483647
[11443.430103 2147483647
[11443.432599 2147483647
[11443.435040 2147483647
[11443.437568 2147483647
[11443.440094 2147483647
[11443.442561 2147483647
[11443.444830 2147483647
[11443.447353 2147483647
[11443.449859 2147483647
[11443.452566 2147483647
[11443.454813 2147483647
[11443.457308 2147483647
[11443.459800 2147483647
[11443.462303 2147483647
[11443.464785 2147483647
[11443.467268 2147483647
[11443.470035 2147483647
[11443.472208 2147483647
[11443.474740 2147483647
[11443.477236 2147483647
[11443.479507 2147483647
[11443.482265 2147483647
[11443.484760 2147483647
[11443.487257 2147483647
[11443.489480 2147483647
[11443.492264 2147483647
[11443.493268 2147483647
[11443.496020 2147483647
[11443.498463 2147483647
[11443.500962 2147483647
[11443.503494 2147483647
[11443.504499 2147483647
[11443.505869 2147483647
[11443.508196 2147483647
[11443.510697 2147483647
[11443.513107 2147483647
[11443.515574 2147483647
[11443.518070 2147483647
[11443.520568 2147483647
[11443.523067 2147483647
[11443.525557 2147483647
[11443.528056 2147483647
[11443.530552 2147483647
[11443.533172 2147483647
[11443.535662 2147483647
[11443.537898 2147483647
[11443.540411 2147483647
[11443.545675 2147483647
[11443.550691 2147483647
[11443.555660 2147483647
[11443.560650 2147483647
[11443.564153 2147483647
[11443.566639 2147483647
[11443.568887 2147483647
[11443.571632 2147483647
[11443.574094 2147483647
[11443.576602 2147483647
[11443.579132 2147483647
[11443.581568 2147483647
[11443.584115 2147483647
[11443.586554 2147483647
[11443.589064 2147483647
[11443.591557 2147483647
[11443.594052 2147483647
[11443.596556 2147483647
[11443.598841 2147483647
[11443.602595 2147483647
[11443.605081 2147483647
[11443.610317 2147483647
[11443.615308 2147483647
[11443.620080 2147483647
[11443.623694 2147483647
[11443.628740 2147483647
[11443.632292 2147483647
[11443.635032 2147483647
[11443.637527 2147483647
[11443.640004 2147483647
[11443.642517 2147483647
[11443.646285 2147483647
[11443.648756 2147483647
[11443.652502 2147483647
[11443.654962 2147483647
[11443.657493 2147483647
[11443.659737 2147483647
[11443.660986 2147483647
[11443.662199 2147483647
[11443.663466 2147483647
[11443.664693 2147483647
[11443.667157 2147483647
[11443.669671 2147483647
[11443.672207 2147483647
[11443.674701 2147483647
[11443.677210 2147483647
[11443.679727 2147483647
[11443.682204 2147483647
[11443.684699 2147483647
[11443.687159 2147483647
[11443.689716 2147483647
[11443.691895 2147483647
[11443.694430 2147483647
[11443.696951 2147483647
[11443.699428 2147483647
[11443.701921 2147483647
[11443.704432 2147483647
[11443.706951 2147483647
[11443.709386 2147483647
[11443.711919 2147483647
[11443.714419 2147483647
[11443.716910 2147483647
[11443.719411 2147483647
[11443.721806 2147483647
[11443.724151 2147483647
[11443.726610 2147483647
[11443.729145 2147483647
[11443.731541 2147483647
[11443.734346 2147483647
[11443.736844 2147483647
[11443.739341 2147483647
[11443.741583 2147483647
[11443.744272 2147483647
[11443.746869 2147483647
[11443.749340 2147483647
[11443.751585 2147483647
[11443.754059 2147483647
[11443.756594 2147483647
[11443.759087 2147483647
[11443.761574 2147483647
[11443.764056 2147483647
[11443.766531 2147483647
[11443.769062 2147483647
[11443.771523 2147483647
[11443.774075 2147483647
[11443.776515 2147483647
[11443.779046 2147483647
[11443.781292 2147483647
[11443.783789 2147483647
[11443.786249 2147483647
[11443.788680 2147483647
[11443.791278 2147483647
[11443.793773 2147483647
[11443.796211 2147483647
[11443.798764 2147483647
[11443.801261 2147483647
[11443.803780 2147483647
[11443.806262 2147483647
[11443.808736 2147483647
[11443.811232 2147483647
[11443.813749 2147483647
[11443.815975 2147483647
[11443.818483 2147483647
[11443.820979 2147483647
[11443.822177 2147483647
[11443.824985 2147483647
[11443.828455 2147483647
[11443.831223 2147483647
[11443.833448 2147483647
[11443.836198 2147483647
[11443.838440 2147483647
[11443.841181 2147483647
[11443.843676 2147483647
[11443.845929 2147483647
[11443.848419 2147483647
[11443.850913 2147483647
[11443.853340 2147483647
[11443.855864 2147483647
[11443.858354 2147483647
[11443.860903 2147483647
[11443.862331 2147483647
[11443.864538 2147483647
[11443.867138 2147483647
[11443.869634 2147483647
[11443.872380 2147483647
[11443.874624 2147483647
[11443.877120 2147483647
[11443.879366 2147483647
[11443.882113 2147483647
[11443.884362 2147483647
[11443.887126 2147483647
[11443.889557 2147483647
[11443.892049 2147483647
[11443.894521 2147483647
[11443.897065 2147483647
[11443.899550 2147483647
[11443.902043 2147483647
[11443.904588 2147483647
[11443.906848 2147483647
[11443.909321 2147483647
[11443.911724 2147483647
[11443.914338 2147483647
[11443.916808 2147483647
[11443.919304 2147483647
[11443.921801 2147483647
[11443.924298 2147483647
[11443.926792 2147483647
[11443.929287 2147483647
[11443.931784 2147483647
[11443.934277 2147483647
[11443.936777 2147483647
[11443.939271 2147483647
[11443.941518 2147483647
[11443.944012 2147483647
[11443.946534 2147483647
[11443.949002 2147483647
[11443.951503 2147483647
[11443.954022 2147483647
[11443.956517 2147483647
[11443.958989 2147483647
[11443.961485 2147483647
[11443.964009 2147483647
[11443.966480 2147483647
[11443.968974 2147483647
[11443.971216 2147483647
[11443.973741 2147483647
[11443.976208 2147483647
[11443.978705 2147483647
[11443.981201 2147483647
[11443.983697 2147483647
[11443.986190 2147483647
[11443.988690 2147483647
[11443.991437 2147483647
[11443.993684 2147483647
[11443.996138 2147483647
[11443.998675 2147483647
[11444.001173 2147483647
[11444.006166 2147483647
[11444.011159 2147483647
[11444.016153 2147483647
[11444.021143 2147483647
[11444.026076 2147483647
[11444.031143 2147483647
[11444.034618 2147483647
[11444.037118 2147483647
[11444.039613 2147483647
[11444.042056 2147483647
[11444.044566 2147483647
[11444.047077 2147483647
[11444.049552 2147483647
[11444.052047 2147483647
[11444.054602 2147483647
[11444.057117 2147483647
[11444.059596 2147483647
[11444.062090 2147483647
[11444.064528 2147483647
[11444.066707 2147483647
[11444.069329 2147483647
[11444.071826 2147483647
[11444.074265 2147483647
[11444.076815 2147483647
[11444.079310 2147483647
[11444.081809 2147483647
[11444.084305 2147483647
[11444.086777 2147483647
[11444.089144 2147483647
[11444.091932 2147483647
[11444.094494 2147483647
[11444.096997 2147483647
[11444.099222 2147483647
[11444.101668 2147483647
[11444.104145 2147483647
[11444.106672 2147483647
[11444.109113 2147483647
[11444.111691 2147483647
[11444.114226 2147483647
[11444.116743 2147483647
[11444.119199 2147483647
[11444.121710 2147483647
[11444.124261 2147483647
[11444.129140 2147483647
[11444.132727 2147483647
[11444.138968 2147483647
[11444.143873 2147483647
[11444.148951 2147483647
[11444.154203 2147483647
[11444.158939 2147483647
[11444.163699 2147483647
[11444.168671 2147483647
[11444.173691 2147483647
[11444.177660 2147483647
[11444.182652 2147483647
[11444.187642 2147483647
[11444.192380 2147483647
[11444.197369 2147483647
[11444.202375 2147483647
[11444.207381 2147483647
[11444.209853 2147483647
[11444.213621 2147483647
[11444.214846 2147483647
[11444.217341 2147483647
[11444.219799 2147483647
[11444.222242 2147483647
[11444.224756 2147483647
[11444.227021 2147483647
[11444.229572 2147483647
[11444.232069 2147483647
[11444.234581 2147483647
[11444.237049 2147483647
[11444.239540 2147483647
[11444.242040 2147483647
[11444.244498 2147483647
[11444.247054 2147483647
[11444.249772 2147483647
[11444.252026 2147483647
[11444.254523 2147483647
[11444.257030 2147483647
[11444.259261 2147483647
[11444.261626 2147483647
[11444.264112 2147483647
[11444.266608 2147483647
[11444.269111 2147483647
[11444.271731 2147483647
[11444.274204 2147483647
[11444.276729 2147483647
[11444.279175 2147483647
[11444.281721 2147483647
[11444.284453 2147483647
[11444.286712 2147483647
[11444.289444 2147483647
[11444.291446 2147483647
[11444.294199 2147483647
[11444.296701 2147483647
[11444.299093 2147483647
[11444.301678 2147483647
[11444.304189 2147483647
[11444.306708 2147483647
[11444.309077 2147483647
[11444.311666 2147483647
[11444.314185 2147483647
[11444.316662 2147483647
[11444.319065 2147483647
[11444.321400 2147483647
[11444.323927 2147483647
[11444.326391 2147483647
[11444.328801 2147483647
[11444.331394 2147483647
[11444.333881 2147483647
[11444.336384 2147483647
[11444.338786 2147483647
[11444.341373 2147483647
[11444.343873 2147483647
[11444.346362 2147483647
[11444.348824 2147483647
[11444.351611 2147483647
[11444.353614 2147483647
[11444.356109 2147483647
[11444.358820 2147483647
[11444.361063 2147483647
[11444.363618 2147483647
[11444.366095 2147483647
[11444.368803 2147483647
[11444.371048 2147483647
[11444.373852 2147483647
[11444.376080 2147483647
[11444.378786 2147483647
[11444.381054 2147483647
[11444.383561 2147483647
[11444.386064 2147483647
[11444.388518 2147483647
[11444.390975 2147483647
[11444.393552 2147483647
[11444.396043 2147483647
[11444.398538 2147483647
[11444.400941 2147483647
[11444.403544 2147483647
[11444.406032 2147483647
[11444.408527 2147483647
[11444.410992 2147483647
[11444.413540 2147483647
[11444.416014 2147483647
[11444.418258 2147483647
[11444.420995 2147483647
[11444.423251 2147483647
[11444.425751 2147483647
[11444.428243 2147483647
[11444.430979 2147483647
[11444.433242 2147483647
[11444.435738 2147483647
[11444.438231 2147483647
[11444.440708 2147483647
[11444.443220 2147483647
[11444.445713 2147483647
[11444.448207 2147483647
[11444.450667 2147483647
[11444.452950 2147483647
[11444.455644 2147483647
[11444.457925 2147483647
[11444.460437 2147483647
[11444.462935 2147483647
[11444.465426 2147483647
[11444.467927 2147483647
[11444.470423 2147483647
[11444.472959 2147483647
[11444.475415 2147483647
[11444.477916 2147483647
[11444.480125 2147483647
[11444.482650 2147483647
[11444.485153 2147483647
[11444.487671 2147483647
[11444.490171 2147483647
[11444.492909 2147483647
[11444.495326 2147483647
[11444.497653 2147483647
[11444.500131 2147483647
[11444.502826 2147483647
[11444.505360 2147483647
[11444.507881 2147483647
[11444.510318 2147483647
[11444.512474 2147483647
[11444.515039 2147483647
[11444.517543 2147483647
[11444.520026 2147483647
[11444.522550 2147483647
[11444.525083 2147483647
[11444.527574 2147483647
[11444.530069 2147483647
[11444.532820 2147483647
[11444.535062 2147483647
[11444.537583 2147483647
[11444.540017 2147483647
[11444.542219 2147483647
[11444.544751 2147483647
[11444.547317 2147483647
[11444.549791 2147483647
[11444.552191 2147483647
[11444.555030 2147483647
[11444.557296 2147483647
[11444.559771 2147483647
[11444.562181 2147483647
[11444.565019 2147483647
[11444.567258 2147483647
[11444.570009 2147483647
[11444.572164 2147483647
[11444.574746 2147483647
[11444.577226 2147483647
[11444.579737 2147483647
[11444.580969 2147483647
[11444.583488 2147483647
[11444.585981 2147483647
[11444.588476 2147483647
[11444.590950 2147483647
[11444.593370 2147483647
[11444.597234 2147483647
[11444.599707 2147483647
[11444.602167 2147483647
[11444.604463 2147483647
[11444.606970 2147483647
[11444.609444 2147483647
[11444.611896 2147483647
[11444.614411 2147483647
[11444.617180 2147483647
[11444.618140 2147483647
[11444.620617 2147483647
[11444.623071 2147483647
[11444.625918 2147483647
[11444.628420 2147483647
[11444.630944 2147483647
[11444.633112 2147483647
[11444.635648 2147483647
[11444.638142 2147483647
[11444.640657 2147483647
[11444.642854 2147483647
[11444.645604 2147483647
[11444.646890 2147483647
[11444.648160 2147483647
[11444.650631 2147483647
[11444.651878 2147483647
[11444.653132 2147483647
[11444.654272 2147483647
[11444.656908 2147483647
[11444.659365 2147483647
[11444.660616 2147483647
[11444.661577 2147483647
[11444.664127 2147483647
[11444.665353 2147483647
[11444.666567 2147483647
[11444.667819 2147483647
[11444.670344 2147483647
[11444.672848 2147483647
[11444.674076 2147483647
[11444.675302 2147483647
[11444.677841 2147483647
[11444.680354 2147483647
[11444.682795 2147483647
[11444.686503 2147483647
[11444.689009 2147483647
[11444.691504 2147483647
[11444.693978 2147483647
[11444.696225 2147483647
[11444.697527 2147483647
[11444.700008 2147483647
[11444.702503 2147483647
[11444.705000 2147483647
[11444.707700 2147483647
[11444.710275 2147483647
[11444.712470 2147483647
[11444.714990 2147483647
[11444.717538 2147483647
[11444.720255 2147483647
[11444.722714 2147483647
[11444.725211 2147483647
[11444.727156 2147483647
[11444.729746 2147483647
[11444.731270 2147483647
[11444.732184 2147483647
[11444.734977 2147483647
[11444.736174 2147483647
[11444.737192 2147483647
[11444.738606 2147483647
[11444.741248 2147483647
[11444.743680 2147483647
[11444.744909 2147483647
[11444.746178 2147483647
[11444.748588 2147483647
[11444.749830 2147483647
[11444.751207 2147483647
[11444.752417 2147483647
[11444.754890 2147483647
[11444.756203 2147483647
[11444.757469 2147483647
[11444.758407 2147483647
[11444.760819 2147483647
[11444.763399 2147483647
[11444.764626 2147483647
[11444.768430 2147483647
[11444.770845 2147483647
[11444.774652 2147483647
[11444.777167 2147483647
[11444.780931 2147483647
[11444.784563 2147483647
[11444.788398 2147483647
[11444.790660 2147483647
[11444.794552 2147483647
[11444.796883 2147483647
[11444.800632 2147483647
[11444.804601 2147483647
[11444.806768 2147483647
[11444.809615 2147483647
[11444.811859 2147483647
[11444.814602 2147483647
[11444.817000 2147483647
[11444.819604 2147483647
[11444.821757 2147483647
[11444.824354 2147483647
[11444.826756 2147483647
[11444.829337 2147483647
[11444.831824 2147483647
[11444.834278 2147483647
[11444.836773 2147483647
[11444.839310 2147483647
[11444.841804 2147483647
[11444.844268 2147483647
[11444.846718 2147483647
[11444.849299 2147483647
[11444.851542 2147483647
[11444.854037 2147483647
[11444.856478 2147483647
[11444.859025 2147483647
[11444.861521 2147483647
[11444.864038 2147483647
[11444.866469 2147483647
[11444.869010 2147483647
[11444.871507 2147483647
[11444.874228 2147483647
[11444.876455 2147483647
[11444.878994 2147483647
[11444.881510 2147483647
[11444.883697 2147483647
[11444.886387 2147483647
[11444.888733 2147483647
[11444.891244 2147483647
[11444.893721 2147483647
[11444.896178 2147483647
[11444.898711 2147483647
[11444.901205 2147483647
[11444.903710 2147483647
[11444.906379 2147483647
[11444.908897 2147483647
[11444.911191 2147483647
[11444.913437 2147483647
[11444.916108 2147483647
[11444.918701 2147483647
[11444.920949 2147483647
[11444.923613 2147483647
[11444.926093 2147483647
[11444.928566 2147483647
[11444.931137 2147483647
[11444.934845 2147483647
[11444.938647 2147483647
[11444.942390 2147483647
[11444.947084 2147483647
[11444.950774 2147483647
[11444.954600 2147483647
[11444.958333 2147483647
[11444.963332 2147483647
[11444.966077 2147483647
[11444.971133 2147483647
[11444.974257 2147483647
[11444.979294 2147483647
[11444.981834 2147483647
[11444.986777 2147483647
[11444.990835 2147483647
[11444.995802 2147483647
[11444.998284 2147483647
[11445.003289 2147483647
[11445.008017 2147483647
[11445.012938 2147483647
[11445.017974 2147483647
[11445.022973 2147483647
[11445.027965 2147483647
[11445.032992 2147483647
[11445.037909 2147483647
[11445.042736 2147483647
[11445.047715 2147483647
[11445.052719 2147483647
[11445.057959 2147483647
[11445.062628 2147483647
[11445.067717 2147483647
[11445.072675 2147483647
[11445.077664 2147483647
[11445.082692 2147483647
[11445.087566 2147483647
[11445.092674 2147483647
[11445.097418 2147483647
[11445.102349 2147483647
[11445.107402 2147483647
[11445.112332 2147483647
[11445.117359 2147483647
[11445.122345 2147483647
[11445.127092 2147483647
[11445.132104 2147483647
[11445.137098 2147483647
[11445.142310 2147483647
[11445.147321 2147483647
[11445.152294 2147483647
[11445.157309 2147483647
[11445.162028 2147483647
[11445.167020 2147483647
[11445.171927 2147483647
[11445.177004 2147483647
[11445.182000 2147483647
[11445.186984 2147483647
[11445.191743 2147483647
[11445.196635 2147483647
[11445.201710 2147483647
[11445.206702 2147483647
[11445.211596 2147483647
[11445.216689 2147483647
[11445.221611 2147483647
[11445.225425 2147483647
[11445.230185 2147483647
[11445.235332 2147483647
[11445.241655 2147483647
[11445.246582 2147483647
[11445.251346 2147483647
[11445.256281 2147483647
[11445.261294 2147483647
[11445.266317 2147483647
[11445.271348 2147483647
[11445.275090 2147483647
[11445.280058 2147483647
[11445.284798 2147483647
[11445.289753 2147483647
[11445.294786 2147483647
[11445.300026 2147483647
[11445.304749 2147483647
[11445.309760 2147483647
[11445.314484 2147483647
[11445.319745 2147483647
[11445.322240 2147483647
[11445.324763 2147483647
[11445.326983 2147483647
[11445.329689 2147483647
[11445.332228 2147483647
[11445.334718 2147483647
[11445.336966 2147483647
[11445.339671 2147483647
[11445.342205 2147483647
[11445.344701 2147483647
[11445.346975 2147483647
[11445.349479 2147483647
[11445.351963 2147483647
[11445.354486 2147483647
[11445.356966 2147483647
[11445.359465 2147483647
[11445.361841 2147483647
[11445.364418 2147483647
[11445.366966 2147483647
[11445.369445 2147483647
[11445.371895 2147483647
[11445.374348 2147483647
[11445.376682 2147483647
[11445.379178 2147483647
[11445.381944 2147483647
[11445.384053 2147483647
[11445.386666 2147483647
[11445.389163 2147483647
[11445.391904 2147483647
[11445.394107 2147483647
[11445.396545 2147483647
[11445.399134 2147483647
[11445.401887 2147483647
[11445.404329 2147483647
[11445.406257 2147483647
[11445.409084 2147483647
[11445.411614 2147483647
[11445.414122 2147483647
[11445.416568 2147483647
[11445.419016 2147483647
[11445.421612 2147483647
[11445.424051 2147483647
[11445.426537 2147483647
[11445.429045 2147483647
[11445.431617 2147483647
[11445.433974 2147483647
[11445.436342 2147483647
[11445.439088 2147483647
[11445.441235 2147483647
[11445.443726 2147483647
[11445.446324 2147483647
[11445.448828 2147483647
[11445.451225 2147483647
[11445.453722 2147483647
[11445.456307 2147483647
[11445.459056 2147483647
[11445.461533 2147483647
[11445.463953 2147483647
[11445.466269 2147483647
[11445.468770 2147483647
[11445.471294 2147483647
[11445.473673 2147483647
[11445.476273 2147483647
[11445.478768 2147483647
[11445.481296 2147483647
[11445.483746 2147483647
[11445.486205 2147483647
[11445.488736 2147483647
[11445.491193 2147483647
[11445.493691 2147483647
[11445.495978 2147483647
[11445.498493 2147483647
[11445.500980 2147483647
[11445.503483 2147483647
[11445.505973 2147483647
[11445.508496 2147483647
[11445.510968 2147483647
[11445.513463 2147483647
[11445.515960 2147483647
[11445.518458 2147483647
[11445.520946 2147483647
[11445.523450 2147483647
[11445.525672 2147483647
[11445.528190 2147483647
[11445.530679 2147483647
[11445.533176 2147483647
[11445.535670 2147483647
[11445.538192 2147483647
[11445.540663 2147483647
[11445.543155 2147483647
[11445.545616 2147483647
[11445.548174 2147483647
[11445.550652 2147483647
[11445.553149 2147483647
[11445.555580 2147483647
[11445.557910 2147483647
[11445.560381 2147483647
[11445.562874 2147483647
[11445.565358 2147483647
[11445.567865 2147483647
[11445.570546 2147483647
[11445.572859 2147483647
[11445.575622 2147483647
[11445.578096 2147483647
[11445.580591 2147483647
[11445.583084 2147483647
[11445.585537 2147483647
[11445.587565 2147483647
[11445.590347 2147483647
[11445.592840 2147483647
[11445.595275 2147483647
[11445.597731 2147483647
[11445.600307 2147483647
[11445.602802 2147483647
[11445.605262 2147483647
[11445.607818 2147483647
[11445.610290 2147483647
[11445.612792 2147483647
[11445.615265 2147483647
[11445.617700 2147483647
[11445.619984 2147483647
[11445.622470 2147483647
[11445.625258 2147483647
[11445.627420 2147483647
[11445.629971 2147483647
[11445.632505 2147483647
[11445.635219 2147483647
[11445.637461 2147483647
[11445.640246 2147483647
[11445.642739 2147483647
[11445.645204 2147483647
[11445.647720 2147483647
[11445.649880 2147483647
[11445.652442 2147483647
[11445.654965 2147483647
[11445.657148 2147483647
[11445.659965 2147483647
[11445.662359 2147483647
[11445.664942 2147483647
[11445.667451 2147483647
[11445.669950 2147483647
[11445.672351 2147483647
[11445.674925 2147483647
[11445.677375 2147483647
[11445.679685 2147483647
[11445.682200 2147483647
[11445.683395 2147483647
[11445.685886 2147483647
[11445.688444 2147483647
[11445.690956 2147483647
[11445.693379 2147483647
[11445.697073 2147483647
[11445.699665 2147483647
[11445.702154 2147483647
[11445.704927 2147483647
[11445.707061 2147483647
[11445.709391 2147483647
[11445.712139 2147483647
[11445.714405 2147483647
[11445.717083 2147483647
[11445.719627 2147483647
[11445.721875 2147483647
[11445.723371 2147483647
[11445.725877 2147483647
[11445.728374 2147483647
[11445.730829 2147483647
[11445.733364 2147483647
[11445.735575 2147483647
[11445.738068 2147483647
[11445.740486 2147483647
[11445.743097 2147483647
[11445.745587 2147483647
[11445.748058 2147483647
[11445.750540 2147483647
[11445.753080 2147483647
[11445.755572 2147483647
[11445.758096 2147483647
[11445.760461 2147483647
[11445.762812 2147483647
[11445.765513 2147483647
[11445.767772 2147483647
[11445.770300 2147483647
[11445.772761 2147483647
[11445.775328 2147483647
[11445.777751 2147483647
[11445.780291 2147483647
[11445.782790 2147483647
[11445.785222 2147483647
[11445.787718 2147483647
[11445.790214 2147483647
[11445.792713 2147483647
[11445.795279 2147483647
[11445.797970 2147483647
[11445.800010 2147483647
[11445.802501 2147483647
[11445.805164 2147483647
[11445.807721 2147483647
[11445.809934 2147483647
[11445.812727 2147483647
[11445.815248 2147483647
[11445.817404 2147483647
[11445.820220 2147483647
[11445.822716 2147483647
[11445.824920 2147483647
[11445.827615 2147483647
[11445.829953 2147483647
[11445.832453 2147483647
[11445.834952 2147483647
[11445.837405 2147483647
[11445.839837 2147483647
[11445.842432 2147483647
[11445.844929 2147483647
[11445.847397 2147483647
[11445.849822 2147483647
[11445.852420 2147483647
[11445.854937 2147483647
[11445.857374 2147483647
[11445.859904 2147483647
[11445.862303 2147483647
[11445.864668 2147483647
[11445.867113 2147483647
[11445.869889 2147483647
[11445.872301 2147483647
[11445.874621 2147483647
[11445.877392 2147483647
[11445.879890 2147483647
[11445.882397 2147483647
[11445.884525 2147483647
[11445.887336 2147483647
[11445.889367 2147483647
[11445.891849 2147483647
[11445.894572 2147483647
[11445.897065 2147483647
[11445.899540 2147483647
[11445.902096 2147483647
[11445.904589 2147483647
[11445.906994 2147483647
[11445.909533 2147483647
[11445.912084 2147483647
[11445.914601 2147483647
[11445.917036 2147483647
[11445.919524 2147483647
[11445.921838 2147483647
[11445.924312 2147483647
[11445.926805 2147483647
[11445.929212 2147483647
[11445.931825 2147483647
[11445.934301 2147483647
[11445.936795 2147483647
[11445.939237 2147483647
[11445.941812 2147483647
[11445.944283 2147483647
[11445.946779 2147483647
[11445.949239 2147483647
[11445.951489 2147483647
[11445.954017 2147483647
[11445.956514 2147483647
[11445.959222 2147483647
[11445.961468 2147483647
[11445.964003 2147483647
[11445.966498 2147483647
[11445.968967 2147483647
[11445.971457 2147483647
[11445.973951 2147483647
[11445.976484 2147483647
[11445.978945 2147483647
[11445.981472 2147483647
[11445.983936 2147483647
[11445.986223 2147483647
[11445.988725 2147483647
[11445.991229 2147483647
[11445.993710 2147483647
[11445.996408 2147483647
[11445.998693 2147483647
[11446.001447 2147483647
[11446.003696 2147483647
[11446.006401 2147483647
[11446.008920 2147483647
[11446.011394 2147483647
[11446.013432 2147483647
[11446.016120 2147483647
[11446.018634 2147483647
[11446.021082 2147483647
[11446.023610 2147483647
[11446.026104 2147483647
[11446.028813 2147483647
[11446.031137 2147483647
[11446.033631 2147483647
[11446.036123 2147483647
[11446.038609 2147483647
[11446.041034 2147483647
[11446.043866 2147483647
[11446.045826 2147483647
[11446.048598 2147483647
[11446.050755 2147483647
[11446.053568 2147483647
[11446.056100 2147483647
[11446.058586 2147483647
[11446.061055 2147483647
[11446.063496 2147483647
[11446.066085 2147483647
[11446.068580 2147483647
[11446.071072 2147483647
[11446.073483 2147483647
[11446.075817 2147483647
[11446.078311 2147483647
[11446.080770 2147483647
[11446.083267 2147483647
[11446.085715 2147483647
[11446.088266 2147483647
[11446.090792 2147483647
[11446.093286 2147483647
[11446.095721 2147483647
[11446.098339 2147483647
[11446.100777 2147483647
[11446.103176 2147483647
[11446.105556 2147483647
[11446.108043 2147483647
[11446.110514 2147483647
[11446.113006 2147483647
[11446.114508 2147483647
[11446.116731 2147483647
[11446.119181 2147483647
[11446.122001 2147483647
[11446.124538 2147483647
[11446.126759 2147483647
[11446.129250 2147483647
[11446.131671 2147483647
[11446.134250 2147483647
[11446.136495 2147483647
[11446.140234 2147483647
[11446.142745 2147483647
[11446.145489 2147483647
[11446.147724 2147483647
[11446.150475 2147483647
[11446.152617 2147483647
[11446.155487 2147483647
[11446.157990 2147483647
[11446.160458 2147483647
[11446.161454 2147483647
[11446.164203 2147483647
[11446.166415 2147483647
[11446.168913 2147483647
[11446.171160 2147483647
[11446.173869 2147483647
[11446.176404 2147483647
[11446.178901 2147483647
[11446.181423 2147483647
[11446.183860 2147483647
[11446.186391 2147483647
[11446.188889 2147483647
[11446.191136 2147483647
[11446.193628 2147483647
[11446.196091 2147483647
[11446.197336 2147483647
[11446.198650 2147483647
[11446.199870 2147483647
[11446.201121 2147483647
[11446.202368 2147483647
[11446.203574 2147483647
[11446.204828 2147483647
[11446.206077 2147483647
[11446.207323 2147483647
[11446.208598 2147483647
[11446.209858 2147483647
[11446.211102 2147483647
[11446.212314 2147483647
[11446.213812 2147483647
[11446.214826 2147483647
[11446.215996 2147483647
[11446.217307 2147483647
[11446.218844 2147483647
[11446.219841 2147483647
[11446.221090 2147483647
[11446.222345 2147483647
[11446.223511 2147483647
[11446.224818 2147483647
[11446.225956 2147483647
[11446.226972 2147483647
[11446.228550 2147483647
[11446.229583 2147483647
[11446.230830 2147483647
[11446.232106 2147483647
[11446.233324 2147483647
[11446.234573 2147483647
[11446.235784 2147483647
[11446.236973 2147483647
[11446.238593 2147483647
[11446.239568 2147483647
[11446.240814 2147483647
[11446.242081 2147483647
[11446.243274 2147483647
[11446.244774 2147483647
[11446.245770 2147483647
[11446.246927 2147483647
[11446.248437 2147483647
[11446.249765 2147483647
[11446.250765 2147483647
[11446.252260 2147483647
[11446.253509 2147483647
[11446.254760 2147483647
[11446.255756 2147483647
[11446.257256 2147483647
[11446.257918 2147483647
[11446.259421 2147483647
[11446.260751 2147483647
[11446.261998 2147483647
[11446.263243 2147483647
[11446.264492 2147483647
[11446.265768 2147483647
[11446.266739 2147483647
[11446.268162 2147483647
[11446.269405 2147483647
[11446.270675 2147483647
[11446.272002 2147483647
[11446.273227 2147483647
[11446.274475 2147483647
[11446.275744 2147483647
[11446.276973 2147483647
[11446.278176 2147483647
[11446.279392 2147483647
[11446.280638 2147483647
[11446.281986 2147483647
[11446.283215 2147483647
[11446.284460 2147483647
[11446.285713 2147483647
[11446.286960 2147483647
[11446.288209 2147483647
[11446.289380 2147483647
[11446.290373 2147483647
[11446.291674 2147483647
[11446.292950 2147483647
[11446.294186 2147483647
[11446.295445 2147483647
[11446.296695 2147483647
[11446.297944 2147483647
[11446.299210 2147483647
[11446.300614 2147483647
[11446.301609 2147483647
[11446.302936 2147483647
[11446.304435 2147483647
[11446.305448 2147483647
[11446.306933 2147483647
[11446.307953 2147483647
[11446.309181 2147483647
[11446.310378 2147483647
[11446.311595 2147483647
[11446.312879 2147483647
[11446.314420 2147483647
[11446.315691 2147483647
[11446.316859 2147483647
[11446.317956 2147483647
[11446.319199 2147483647
[11446.320157 2147483647
[11446.321330 2147483647
[11446.322574 2147483647
[11446.323830 2147483647
[11446.325426 2147483647
[11446.326686 2147483647
[11446.327934 2147483647
[11446.328933 2147483647
[11446.330145 2147483647
[11446.331345 2147483647
[11446.332563 2147483647
[11446.333814 2147483647
[11446.335384 2147483647
[11446.336673 2147483647
[11446.337669 2147483647
[11446.338923 2147483647
[11446.340382 2147483647
[11446.341396 2147483647
[11446.342798 2147483647
[11446.343795 2147483647
[11446.345371 2147483647
[11446.346667 2147483647
[11446.347907 2147483647
[11446.349171 2147483647
[11446.350405 2147483647
[11446.351363 2147483647
[11446.352610 2147483647
[11446.353782 2147483647
[11446.355016 2147483647
[11446.356391 2147483647
[11446.357641 2147483647
[11446.358910 2147483647
[11446.360049 2147483647
[11446.361348 2147483647
[11446.362596 2147483647
[11446.363769 2147483647
[11446.364999 2147483647
[11446.366266 2147483647
[11446.367624 2147483647
[11446.368871 2147483647
[11446.370122 2147483647
[11446.371331 2147483647
[11446.372581 2147483647
[11446.373754 2147483647
[11446.374994 2147483647
[11446.376251 2147483647
[11446.377520 2147483647
[11446.378856 2147483647
[11446.380104 2147483647
[11446.381100 2147483647
[11446.382332 2147483647
[11446.383558 2147483647
[11446.384737 2147483647
[11446.385976 2147483647
[11446.387554 2147483647
[11446.388854 2147483647
[11446.389835 2147483647
[11446.391084 2147483647
[11446.392313 2147483647
[11446.393545 2147483647
[11446.394722 2147483647
[11446.396040 2147483647
[11446.399821 2147483647
[11446.402317 2147483647
[11446.404729 2147483647
[11446.407553 2147483647
[11446.409768 2147483647
[11446.412300 2147483647
[11446.414806 2147483647
[11446.417041 2147483647
[11446.419785 2147483647
[11446.422053 2147483647
[11446.424492 2147483647
[11446.425716 2147483647
[11446.430771 2147483647
[11446.435974 2147483647
[11446.440965 2147483647
[11446.445646 2147483647
[11446.450736 2147483647
[11446.455635 2147483647
[11446.460719 2147483647
[11446.465694 2147483647
[11446.470702 2147483647
[11446.475502 2147483647
[11446.480470 2147483647
[11446.485430 2147483647
[11446.490372 2147483647
[11446.495673 2147483647
[11446.500696 2147483647
[11446.505354 2147483647
[11446.510421 2147483647
[11446.515345 2147483647
[11446.520363 2147483647
[11446.525417 2147483647
[11446.530299 2147483647
[11446.535132 2147483647
[11446.540088 2147483647
[11446.545116 2147483647
[11446.550109 2147483647
[11446.555007 2147483647
[11446.560099 2147483647
[11446.565070 2147483647
[11446.570077 2147483647
[11446.575107 2147483647
[11446.582162 2147483647
[11446.584983 2147483647
[11446.589896 2147483647
[11446.594723 2147483647
[11446.599655 2147483647
[11446.604712 2147483647
[11446.609703 2147483647
[11446.614603 2147483647
[11446.619644 2147483647
[11446.624651 2147483647
[11446.626935 2147483647
[11446.630672 2147483647
[11446.633167 2147483647
[11446.636913 2147483647
[11446.639408 2147483647
[11446.644648 2147483647
[11446.647108 2147483647
[11446.650893 2147483647
[11446.653228 2147483647
[11446.656960 2147483647
[11446.659182 2147483647
[11446.664431 2147483647
[11446.666929 2147483647
[11446.670671 2147483647
[11446.673131 2147483647
[11446.676919 2147483647
[11446.679422 2147483647
[11446.682863 2147483647
[11446.685346 2147483647
[11446.690402 2147483647
[11446.692892 2147483647
[11446.696585 2147483647
[11446.699073 2147483647
[11446.703132 2147483647
[11446.705327 2147483647
[11446.709055 2147483647
[11446.711861 2147483647
[11446.716330 2147483647
[11446.719056 2147483647
[11446.722844 2147483647
[11446.725261 2147483647
[11446.728841 2147483647
[11446.731295 2147483647
[11446.736574 2147483647
[11446.739090 2147483647
[11446.742838 2147483647
[11446.745074 2147483647
[11446.748734 2147483647
[11446.751309 2147483647
[11446.755054 2147483647
[11446.757552 2147483647
[11446.762509 2147483647
[11446.765051 2147483647
[11446.768785 2147483647
[11446.771166 2147483647
[11446.776064 2147483647
[11446.778536 2147483647
[11446.781032 2147483647
[11446.785928 2147483647
[11446.788523 2147483647
[11446.793512 2147483647
[11446.797227 2147483647
[11446.802256 2147483647
[11446.805740 2147483647
[11446.809505 2147483647
[11446.813234 2147483647
[11446.818188 2147483647
[11446.821969 2147483647
[11446.825996 2147483647
[11446.829406 2147483647
[11446.833181 2147483647
[11446.836929 2147483647
[11446.840558 2147483647
[11446.844422 2147483647
[11446.847911 2147483647
[11446.851910 2147483647
[11446.855677 2147483647
[11446.858149 2147483647
[11446.863108 2147483647
[11446.865412 2147483647
[11446.870381 2147483647
[11446.872842 2147483647
[11446.877869 2147483647
[11446.880365 2147483647
[11446.885359 2147483647
[11446.887852 2147483647
[11446.891594 2147483647
[11446.894095 2147483647
[11446.898857 2147483647
[11446.901331 2147483647
[11446.906225 2147483647
[11446.908764 2147483647
[11446.913814 2147483647
[11446.916333 2147483647
[11446.921511 2147483647
[11446.925312 2147483647
[11446.929786 2147483647
[11446.932510 2147483647
[11446.937475 2147483647
[11446.939980 2147483647
[11446.945011 2147483647
[11446.947506 2147483647
[11446.952436 2147483647
[11446.954992 2147483647
[11446.959678 2147483647
[11446.962482 2147483647
[11446.967222 2147483647
[11446.969718 2147483647
[11446.974711 2147483647
[11446.977205 2147483647
[11446.982219 2147483647
[11446.984701 2147483647
[11446.989442 2147483647
[11446.991961 2147483647
[11446.997175 2147483647
[11446.999700 2147483647
[11447.004415 2147483647
[11447.006817 2147483647
[11447.011906 2147483647
[11447.014649 2147483647
[11447.019350 2147483647
[11447.021885 2147483647
[11447.026877 2147483647
[11447.029280 2147483647
[11447.034362 2147483647
[11447.036859 2147483647
[11447.041889 2147483647
[11447.044344 2147483647
[11447.048094 2147483647
[11447.051547 2147483647
[11447.055326 2147483647
[11447.059095 2147483647
[11447.064074 2147483647
[11447.066575 2147483647
[11447.070309 2147483647
[11447.073965 2147483647
[11447.079045 2147483647
[11447.081289 2147483647
[11447.084926 2147483647
[11447.088782 2147483647
[11447.092546 2147483647
[11447.096484 2147483647
[11447.100267 2147483647
[11447.103755 2147483647
[11447.107498 2147483647
[11447.111441 2147483647
[11447.114939 2147483647
[11447.118730 2147483647
[11447.122370 2147483647
[11447.126180 2147483647
[11447.129713 2147483647
[11447.133654 2147483647
[11447.137402 2147483647
[11447.141197 2147483647
[11447.144688 2147483647
[11447.148378 2147483647
[11447.152120 2147483647
[11447.156162 2147483647
[11447.159906 2147483647
[11447.163663 2147483647
[11447.167402 2147483647
[11447.171105 2147483647
[11447.174634 2147483647
[11447.178375 2147483647
[11447.182152 2147483647
[11447.185779 2147483647
[11447.189612 2147483647
[11447.193314 2147483647
[11447.197098 2147483647
[11447.200843 2147483647
[11447.204545 2147483647
[11447.207982 2147483647
[11447.211821 2147483647
[11447.215531 2147483647
[11447.219308 2147483647
[11447.223053 2147483647
[11447.226758 2147483647
[11447.230695 2147483647
[11447.234234 2147483647
[11447.238016 2147483647
[11447.241779 2147483647
[11447.245524 2147483647
[11447.249275 2147483647
[11447.252723 2147483647
[11447.256754 2147483647
[11447.260494 2147483647
[11447.264199 2147483647
[11447.267944 2147483647
[11447.271470 2147483647
[11447.275175 2147483647
[11447.278965 2147483647
[11447.282736 2147483647
[11447.286413 2147483647
[11447.290193 2147483647
[11447.293937 2147483647
[11447.297638 2147483647
[11447.301173 2147483647
[11447.304917 2147483647
[11447.308675 2147483647
[11447.312410 2147483647
[11447.316184 2147483647
[11447.319858 2147483647
[11447.323640 2147483647
[11447.327384 2147483647
[11447.330778 2147483647
[11447.334888 2147483647
[11447.338363 2147483647
[11447.342387 2147483647
[11447.345850 2147483647
[11447.349613 2147483647
[11447.353546 2147483647
[11447.357479 2147483647
[11447.360576 2147483647
[11447.364564 2147483647
[11447.368269 2147483647
[11447.371804 2147483647
[11447.375759 2147483647
[11447.379796 2147483647
[11447.383304 2147483647
[11447.387026 2147483647
[11447.390467 2147483647
[11447.394471 2147483647
[11447.397006 2147483647
[11447.401748 2147483647
[11447.404492 2147483647
[11447.409428 2147483647
[11447.411776 2147483647
[11447.416883 2147483647
[11447.419363 2147483647
[11447.423934 2147483647
[11447.426642 2147483647
[11447.431548 2147483647
[11447.434049 2147483647
[11447.439039 2147483647
[11447.441613 2147483647
[11447.446539 2147483647
[11447.449126 2147483647
[11447.453821 2147483647
[11447.455026 2147483647
[11447.456351 2147483647
[11447.458995 2147483647
[11447.461443 2147483647
[11447.462679 2147483647
[11447.463947 2147483647
[11447.466428 2147483647
[11447.468978 2147483647
[11447.470113 2147483647
[11447.471422 2147483647
[11447.472742 2147483647
[11447.475193 2147483647
[11447.477606 2147483647
[11447.480293 2147483647
[11447.481450 2147483647
[11447.483518 2147483647
[11447.486267 2147483647
[11447.488755 2147483647
[11447.491174 2147483647
[11447.493802 2147483647
[11447.496177 2147483647
[11447.498768 2147483647
[11447.501183 2147483647
[11447.503772 2147483647
[11447.506175 2147483647
[11447.508697 2147483647
[11447.511200 2147483647
[11447.516012 2147483647
[11447.520953 2147483647
[11447.525967 2147483647
[11447.531013 2147483647
[11447.535852 2147483647
[11447.540998 2147483647
[11447.545799 2147483647
[11447.550818 2147483647
[11447.555825 2147483647
[11447.560787 2147483647
[11447.565852 2147483647
[11447.570801 2147483647
[11447.575832 2147483647
[11447.580579 2147483647
[11447.585605 2147483647
[11447.590591 2147483647
[11447.595544 2147483647
[11447.600603 2147483647
[11447.605499 2147483647
[11447.610298 2147483647
[11447.615306 2147483647
[11447.620264 2147483647
[11447.625250 2147483647
[11447.630318 2147483647
[11447.635278 2147483647
[11447.640096 2147483647
[11447.645105 2147483647
[11447.650135 2147483647
[11447.655122 2147483647
[11447.660138 2147483647
[11447.665148 2147483647
[11447.669899 2147483647
[11447.674905 2147483647
[11447.679988 2147483647
[11447.685022 2147483647
[11447.689925 2147483647
[11447.694993 2147483647
[11447.699955 2147483647
[11447.704749 2147483647
[11447.709719 2147483647
[11447.714711 2147483647
[11447.719644 2147483647
[11447.723398 2147483647
[11447.729777 2147483647
[11447.734444 2147483647
[11447.739453 2147483647
[11447.744426 2147483647
[11447.749447 2147483647
[11447.754440 2147483647
[11447.759449 2147483647
[11447.763069 2147483647
[11447.768066 2147483647
[11447.773086 2147483647
[11447.778111 2147483647
[11447.783017 2147483647
[11447.788126 2147483647
[11447.792819 2147483647
[11447.797775 2147483647
[11447.802785 2147483647
[11447.807895 2147483647
[11447.812878 2147483647
[11447.817819 2147483647
[11447.822624 2147483647
[11447.827825 2147483647
[11447.832533 2147483647
[11447.837530 2147483647
[11447.842491 2147483647
[11447.847469 2147483647
[11447.852304 2147483647
[11447.857294 2147483647
[11447.862216 2147483647
[11447.867275 2147483647
[11447.872286 2147483647
[11447.877270 2147483647
[11447.882010 2147483647
[11447.887003 2147483647
[11447.891957 2147483647
[11447.896991 2147483647
[11447.901977 2147483647
[11447.906971 2147483647
[11447.911962 2147483647
[11447.916972 2147483647
[11447.922008 2147483647
[11447.926991 2147483647
[11447.931921 2147483647
[11447.936914 2147483647
[11447.941912 2147483647
[11447.946653 2147483647
[11447.951638 2147483647
[11447.956619 2147483647
[11447.961621 2147483647
[11447.966874 2147483647
[11447.971910 2147483647
[11447.976681 2147483647
[11447.981643 2147483647
[11447.986636 2147483647
[11447.991627 2147483647
[11447.996578 2147483647
[11448.001632 2147483647
[11448.006352 2147483647
[11448.011353 2147483647
[11448.016299 2147483647
[11448.021589 2147483647
[11448.026569 2147483647
[11448.031312 2147483647
[11448.036018 2147483647
[11448.041294 2147483647
[11448.046254 2147483647
[11448.051037 2147483647
[11448.056192 2147483647
[11448.061265 2147483647
[11448.066036 2147483647
[11448.071001 2147483647
[11448.074742 2147483647
[11448.078490 2147483647
[11448.080988 2147483647
[11448.084735 2147483647
[11448.087187 2147483647
[11448.090967 2147483647
[11448.094456 2147483647
[11448.098195 2147483647
[11448.100717 2147483647
[11448.104446 2147483647
[11448.106912 2147483647
[11448.110682 2147483647
[11448.115673 2147483647
[11448.119419 2147483647
[11448.123186 2147483647
[11448.126678 2147483647
[11448.131600 2147483647
[11448.135394 2147483647
[11448.139136 2147483647
[11448.142908 2147483647
[11448.148077 2147483647
[11448.152869 2147483647
[11448.157790 2147483647
[11448.161631 2147483647
[11448.166584 2147483647
[11448.170360 2147483647
[11448.175352 2147483647
[11448.177848 2147483647
[11448.182836 2147483647
[11448.185021 2147483647
[11448.189999 2147483647
[11448.192511 2147483647
[11448.197753 2147483647
[11448.201534 2147483647
[11448.205280 2147483647
[11448.207742 2147483647
[11448.212770 2147483647
[11448.217507 2147483647
[11448.221250 2147483647
[11448.223746 2147483647
[11448.228706 2147483647
[11448.231238 2147483647
[11448.236229 2147483647
[11448.238690 2147483647
[11448.243738 2147483647
[11448.247207 2147483647
[11448.252204 2147483647
[11448.254701 2147483647
[11448.258403 2147483647
[11448.260939 2147483647
[11448.265931 2147483647
[11448.268640 2147483647
[11448.273424 2147483647
[11448.275943 2147483647
[11448.279616 2147483647
[11448.283430 2147483647
[11448.286893 2147483647
[11448.290890 2147483647
[11448.294632 2147483647
[11448.298375 2147483647
[11448.302120 2147483647
[11448.305870 2147483647
[11448.309359 2147483647
[11448.313101 2147483647
[11448.318054 2147483647
[11448.320540 2147483647
[11448.325580 2147483647
[11448.328081 2147483647
[11448.333092 2147483647
[11448.335563 2147483647
[11448.340269 2147483647
[11448.342829 2147483647
[11448.346549 2147483647
[11448.350274 2147483647
[11448.354032 2147483647
[11448.357780 2147483647
[11448.361473 2147483647
[11448.365507 2147483647
[11448.368757 2147483647
[11448.372503 2147483647
[11448.376266 2147483647
[11448.379989 2147483647
[11448.383755 2147483647
[11448.387722 2147483647
[11448.391428 2147483647
[11448.395206 2147483647
[11448.397709 2147483647
[11448.399908 2147483647
[11448.402391 2147483647
[11448.404945 2147483647
[11448.408684 2147483647
[11448.411141 2147483647
[11448.413692 2147483647
[11448.416213 2147483647
[11448.418684 2147483647
[11448.421183 2147483647
[11448.423636 2147483647
[11448.426175 2147483647
[11448.428902 2147483647
[11448.430833 2147483647
[11448.433668 2147483647
[11448.436030 2147483647
[11448.438297 2147483647
[11448.441082 2147483647
[11448.443555 2147483647
[11448.446037 2147483647
[11448.448320 2147483647
[11448.450817 2147483647
[11448.453562 2147483647
[11448.456021 2147483647
[11448.458303 2147483647
[11448.461014 2147483647
[11448.463258 2147483647
[11448.465754 2147483647
[11448.468287 2147483647
[11448.470746 2147483647
[11448.473293 2147483647
[11448.475736 2147483647
[11448.478271 2147483647
[11448.480767 2147483647
[11448.483284 2147483647
[11448.485762 2147483647
[11448.488258 2147483647
[11448.490752 2147483647
[11448.493259 2147483647
[11448.495495 2147483647
[11448.497989 2147483647
[11448.500506 2147483647
[11448.502988 2147483647
[11448.505477 2147483647
[11448.507975 2147483647
[11448.510486 2147483647
[11448.512966 2147483647
[11448.515716 2147483647
[11448.517958 2147483647
[11448.520704 2147483647
[11448.522949 2147483647
[11448.525198 2147483647
[11448.527688 2147483647
[11448.530433 2147483647
[11448.532949 2147483647
[11448.535179 2147483647
[11448.537924 2147483647
[11448.540420 2147483647
[11448.542935 2147483647
[11448.545162 2147483647
[11448.547659 2147483647
[11448.550430 2147483647
[11448.552898 2147483647
[11448.555145 2147483647
[11448.557643 2147483647
[11448.560156 2147483647
[11448.562634 2147483647
[11448.565130 2147483647
[11448.567627 2147483647
[11448.569871 2147483647
[11448.572617 2147483647
[11448.575075 2147483647
[11448.577612 2147483647
[11448.579925 2147483647
[11448.582608 2147483647
[11448.584914 2147483647
[11448.587408 2147483647
[11448.589927 2147483647
[11448.592331 2147483647
[11448.594839 2147483647
[11448.597634 2147483647
[11448.599866 2147483647
[11448.602625 2147483647
[11448.605123 2147483647
[11448.608653 2147483647
[11448.611175 2147483647
[11448.616028 2147483647
[11448.618497 2147483647
[11448.623472 2147483647
[11448.627209 2147483647
[11448.632200 2147483647
[11448.634761 2147483647
[11448.639734 2147483647
[11448.643551 2147483647
[11448.647020 2147483647
[11448.652028 2147483647
[11448.657014 2147483647
[11448.662013 2147483647
[11448.667042 2147483647
[11448.672049 2147483647
[11448.676825 2147483647
[11448.681807 2147483647
[11448.686859 2147483647
[11448.691893 2147483647
[11448.696887 2147483647
[11448.701906 2147483647
[11448.706653 2147483647
[11448.711625 2147483647
[11448.716603 2147483647
[11448.721638 2147483647
[11448.725283 2147483647
[11448.730357 2147483647
[11448.736346 2147483647
[11448.741327 2147483647
[11448.746235 2147483647
[11448.751484 2147483647
[11448.756402 2147483647
[11448.761378 2147483647
[11448.766200 2147483647
[11448.769940 2147483647
[11448.775084 2147483647
[11448.780050 2147483647
[11448.785055 2147483647
[11448.790064 2147483647
[11448.795009 2147483647
[11448.799814 2147483647
[11448.804737 2147483647
[11448.809767 2147483647
[11448.814748 2147483647
[11448.819675 2147483647
[11448.824768 2147483647
[11448.829476 2147483647
[11448.834483 2147483647
[11448.839484 2147483647
[11448.844491 2147483647
[11448.849496 2147483647
[11448.854509 2147483647
[11448.857103 2147483647
[11448.859336 2147483647
[11448.861866 2147483647
[11448.864328 2147483647
[11448.866874 2147483647
[11448.869356 2147483647
[11448.871767 2147483647
[11448.874324 2147483647
[11448.876843 2147483647
[11448.879319 2147483647
[11448.881726 2147483647
[11448.884374 2147483647
[11448.886828 2147483647
[11448.889349 2147483647
[11448.891668 2147483647
[11448.894121 2147483647
[11448.896586 2147483647
[11448.899126 2147483647
[11448.901551 2147483647
[11448.904054 2147483647
[11448.906553 2147483647
[11448.909168 2147483647
[11448.911646 2147483647
[11448.914106 2147483647
[11448.916586 2147483647
[11448.919203 2147483647
[11448.921411 2147483647
[11448.923832 2147483647
[11448.926456 2147483647
[11448.928949 2147483647
[11448.931458 2147483647
[11448.933893 2147483647
[11448.936454 2147483647
[11448.938965 2147483647
[11448.941500 2147483647
[11448.943867 2147483647
[11448.946464 2147483647
[11448.948890 2147483647
[11448.951263 2147483647
[11448.953669 2147483647
[11448.956201 2147483647
[11448.959124 2147483647
[11448.961354 2147483647
[11448.963625 2147483647
[11448.966187 2147483647
[11448.968524 2147483647
[11448.971311 2147483647
[11448.973539 2147483647
[11448.976380 2147483647
[11448.978625 2147483647
[11448.981126 2147483647
[11448.983641 2147483647
[11448.986057 2147483647
[11448.988307 2147483647
[11448.991045 2147483647
[11448.993575 2147483647
[11448.996090 2147483647
[11448.998604 2147483647
[11449.001158 2147483647
[11449.002390 2147483647
[11449.005066 2147483647
[11449.007573 2147483647
[11449.009883 2147483647
[11449.012363 2147483647
[11449.014861 2147483647
[11449.017383 2147483647
[11449.019603 2147483647
[11449.022343 2147483647
[11449.024860 2147483647
[11449.027304 2147483647
[11449.032348 2147483647
[11449.037209 2147483647
[11449.042260 2147483647
[11449.047497 2147483647
[11449.051985 2147483647
[11449.057247 2147483647
[11449.061975 2147483647
[11449.067179 2147483647
[11449.071954 2147483647
[11449.076961 2147483647
[11449.081689 2147483647
[11449.086684 2147483647
[11449.090642 2147483647
[11449.095673 2147483647
[11449.100681 2147483647
[11449.105656 2147483647
[11449.110664 2147483647
[11449.115387 2147483647
[11449.121583 2147483647
[11449.125295 2147483647
[11449.130362 2147483647
[11449.135358 2147483647
[11449.140618 2147483647
[11449.145084 2147483647
[11449.150093 2147483647
[11449.155320 2147483647
[11449.160083 2147483647
[11449.165052 2147483647
[11449.170042 2147483647
[11449.175034 2147483647
[11449.179776 2147483647
[11449.184769 2147483647
[11449.189761 2147483647
[11449.194755 2147483647
[11449.200010 2147483647
[11449.204739 2147483647
[11449.209730 2147483647
[11449.214724 2147483647
[11449.219716 2147483647
[11449.224704 2147483647
[11449.229694 2147483647
[11449.234698 2147483647
[11449.239431 2147483647
[11449.244434 2147483647
[11449.249665 2147483647
[11449.254663 2147483647
[11449.259647 2147483647
[11449.264392 2147483647
[11449.269384 2147483647
[11449.274373 2147483647
[11449.279365 2147483647
[11449.284372 2147483647
[11449.289347 2147483647
[11449.294360 2147483647
[11449.299086 2147483647
[11449.304032 2147483647
[11449.309067 2147483647
[11449.314067 2147483647
[11449.319055 2147483647
[11449.324057 2147483647
[11449.328784 2147483647
[11449.333796 2147483647
[11449.339020 2147483647
[11449.343730 2147483647
[11449.349006 2147483647
[11449.353961 2147483647
[11449.358992 2147483647
[11449.363700 2147483647
[11449.368728 2147483647
[11449.373686 2147483647
[11449.378710 2147483647
[11449.383681 2147483647
[11449.388694 2147483647
[11449.393416 2147483647
[11449.398427 2147483647
[11449.403421 2147483647
[11449.408413 2147483647
[11449.413406 2147483647
[11449.418399 2147483647
[11449.423139 2147483647
[11449.428131 2147483647
[11449.433125 2147483647
[11449.438122 2147483647
[11449.443109 2147483647
[11449.448350 2147483647
[11449.453095 2147483647
[11449.457833 2147483647
[11449.462825 2147483647
[11449.467831 2147483647
[11449.473056 2147483647
[11449.477992 2147483647
[11449.482790 2147483647
[11449.487781 2147483647
[11449.492685 2147483647
[11449.497780 2147483647
[11449.501831 2147483647
[11449.506817 2147483647
[11449.511808 2147483647
[11449.517511 2147483647
[11449.522797 2147483647
[11449.527802 2147483647
[11449.532774 2147483647
[11449.537720 2147483647
[11449.541287 2147483647
[11449.547519 2147483647
[11449.551293 2147483647
[11449.556255 2147483647
[11449.561267 2147483647
[11449.566237 2147483647
[11449.571229 2147483647
[11449.576199 2147483647
[11449.580937 2147483647
[11449.586186 2147483647
[11449.591176 2147483647
[11449.595910 2147483647
[11449.601183 2147483647
[11449.606151 2147483647
[11449.610915 2147483647
[11449.615631 2147483647
[11449.620874 2147483647
[11449.625867 2147483647
[11449.630865 2147483647
[11449.635796 2147483647
[11449.640504 2147483647
[11449.645572 2147483647
[11449.650568 2147483647
[11449.655549 2147483647
[11449.660506 2147483647
[11449.665474 2147483647
[11449.670465 2147483647
[11449.675268 2147483647
[11449.680258 2147483647
[11449.685198 2147483647
[11449.690184 2147483647
[11449.695173 2147483647
[11449.700169 2147483647
[11449.704968 2147483647
[11449.710231 2147483647
[11449.715197 2147483647
[11449.720190 2147483647
[11449.725188 2147483647
[11449.730177 2147483647
[11449.735166 2147483647
[11449.740159 2147483647
[11449.745145 2147483647
[11449.749904 2147483647
[11449.754851 2147483647
[11449.759876 2147483647
[11449.764973 2147483647
[11449.769920 2147483647
[11449.773586 2147483647
[11449.776137 2147483647
[11449.778687 2147483647
[11449.780839 2147483647
[11449.784712 2147483647
[11449.787189 2147483647
[11449.789703 2147483647
[11449.792075 2147483647
[11449.794678 2147483647
[11449.797193 2147483647
[11449.800942 2147483647
[11449.803360 2147483647
[11449.805831 2147483647
[11449.809670 2147483647
[11449.811908 2147483647
[11449.814409 2147483647
[11449.819393 2147483647
[11449.821917 2147483647
[11449.824384 2147483647
[11449.829371 2147483647
[11449.831944 2147483647
[11449.834430 2147483647
[11449.839398 2147483647
[11449.843243 2147483647
[11449.845496 2147483647
[11449.850422 2147483647
[11449.852842 2147483647
[11449.855474 2147483647
[11449.860419 2147483647
[11449.864290 2147483647
[11449.866727 2147483647
[11449.869273 2147483647
[11449.871771 2147483647
[11449.874208 2147483647
[11449.876454 2147483647
[11449.878910 2147483647
[11449.881381 2147483647
[11449.884132 2147483647
[11449.886494 2147483647
[11449.888933 2147483647
[11449.891416 2147483647
[11449.894058 2147483647
[11449.896408 2147483647
[11449.899090 2147483647
[11449.901486 2147483647
[11449.903979 2147483647
[11449.906464 2147483647
[11449.909112 2147483647
[11449.911259 2147483647
[11449.913793 2147483647
[11449.916283 2147483647
[11449.918816 2147483647
[11449.921302 2147483647
[11449.923716 2147483647
[11449.926314 2147483647
[11449.928754 2147483647
[11449.931309 2147483647
[11449.933805 2147483647
[11449.936357 2147483647
[11449.938783 2147483647
[11449.941332 2147483647
[11449.943519 2147483647
[11449.946126 2147483647
[11449.948525 2147483647
[11449.951107 2147483647
[11449.953491 2147483647
[11449.956088 2147483647
[11449.958553 2147483647
[11449.961159 2147483647
[11449.963517 2147483647
[11449.966123 2147483647
[11449.968551 2147483647
[11449.971158 2147483647
[11449.973516 2147483647
[11449.975767 2147483647
[11449.978286 2147483647
[11449.980918 2147483647
[11449.983334 2147483647
[11449.985752 2147483647
[11449.988324 2147483647
[11449.990835 2147483647
[11449.993372 2147483647
[11449.995867 2147483647
[11449.998376 2147483647
[11450.000906 2147483647
[11450.003383 2147483647
[11450.005566 2147483647
[11450.008084 2147483647
[11450.010611 2147483647
[11450.013120 2147483647
[11450.015603 2147483647
[11450.018166 2147483647
[11450.020598 2147483647
[11450.023195 2147483647
[11450.025635 2147483647
[11450.028094 2147483647
[11450.030613 2147483647
[11450.033167 2147483647
[11450.035641 2147483647
[11450.037920 2147483647
[11450.040460 2147483647
[11450.042960 2147483647
[11450.045371 2147483647
[11450.047926 2147483647
[11450.050499 2147483647
[11450.052950 2147483647
[11450.055330 2147483647
[11450.057984 2147483647
[11450.060479 2147483647
[11450.063001 2147483647
[11450.065440 2147483647
[11450.068036 2147483647
[11450.070211 2147483647
[11450.072670 2147483647
[11450.075236 2147483647
[11450.077706 2147483647
[11450.080228 2147483647
[11450.082736 2147483647
[11450.085252 2147483647
[11450.087734 2147483647
[11450.090278 2147483647
[11450.092716 2147483647
[11450.095210 2147483647
[11450.097786 2147483647
[11450.100298 2147483647
[11450.102541 2147483647
[11450.105005 2147483647
[11450.107505 2147483647
[11450.110012 2147483647
[11450.112456 2147483647
[11450.114999 2147483647
[11450.183299 2147483647
[11450.188377 2147483647
[11450.193366 2147483647
[11450.198040 2147483647
[11450.203130 2147483647
[11450.208441 2147483647
[11450.213610 2147483647
[11450.218099 2147483647
[11450.223071 2147483647
[11450.227756 2147483647
[11450.232816 2147483647
[11450.237809 2147483647
[11450.242727 2147483647
[11450.247723 2147483647
[11450.252789 2147483647
[11450.257813 2147483647
[11450.262787 2147483647
[11450.267550 2147483647
[11450.272524 2147483647
[11450.277529 2147483647
[11450.282753 2147483647
[11450.287493 2147483647
[11450.292488 2147483647
[11450.297494 2147483647
[11450.302443 2147483647
[11450.307477 2147483647
[11450.312408 2147483647
[11450.317488 2147483647
[11450.322197 2147483647
[11450.327187 2147483647
[11450.332186 2147483647
[11450.337143 2147483647
[11450.342414 2147483647
[11450.347366 2147483647
[11450.352399 2147483647
[11450.356853 2147483647
[11450.362131 2147483647
[11450.367087 2147483647
[11450.372118 2147483647
[11450.377071 2147483647
[11450.382100 2147483647
[11450.386803 2147483647
[11450.392085 2147483647
[11450.396788 2147483647
[11450.401839 2147483647
[11450.406808 2147483647
[11450.411824 2147483647
[11450.416790 2147483647
[11450.421533 2147483647
[11450.426524 2147483647
[11450.431520 2147483647
[11450.436698 2147483647
[11450.441775 2147483647
[11450.446433 2147483647
[11450.451254 2147483647
[11450.456415 2147483647
[11450.461237 2147483647
[11450.466451 2147483647
[11450.471459 2147483647
[11450.476438 2147483647
[11450.481189 2147483647
[11450.486130 2147483647
[11450.491103 2147483647
[11450.496180 2147483647
[11450.499866 2147483647
[11450.504923 2147483647
[11450.509923 2147483647
[11450.514901 2147483647
[11450.519867 2147483647
[11450.524627 2147483647
[11450.529618 2147483647
[11450.534885 2147483647
[11450.539860 2147483647
[11450.544616 2147483647
[11450.549585 2147483647
[11450.554576 2147483647
[11450.559573 2147483647
[11450.564564 2147483647
[11450.569559 2147483647
[11450.574321 2147483647
[11450.579308 2147483647
[11450.584318 2147483647
[11450.589290 2147483647
[11450.594271 2147483647
[11450.599276 2147483647
[11450.604022 2147483647
[11450.609223 2147483647
[11450.614259 2147483647
[11450.619215 2147483647
[11450.623996 2147483647
[11450.628987 2147483647
[11450.633943 2147483647
[11450.638971 2147483647
[11450.643924 2147483647
[11450.648887 2147483647
[11450.653880 2147483647
[11450.658880 2147483647
[11450.663689 2147483647
[11450.668658 2147483647
[11450.673595 2147483647
[11450.678895 2147483647
[11450.683576 2147483647
[11450.688877 2147483647
[11450.693619 2147483647
[11450.698301 2147483647
[11450.703291 2147483647
[11450.708295 2147483647
[11450.713272 2147483647
