[11443.064080 
[11443.068923 
[11443.071210 
[11443.073638 
[11443.076193 
[11443.078612 
[11443.081296 
[11443.083443 
[11443.086284 
[11443.088797 
[11443.091277 
[11443.093705 
[11443.096326 
[11443.097635 
[11443.099956 
[11443.102199 
[11443.104642 
[11443.107315 
[11443.109719 
[11443.112314 
[11443.115800 
[11443.118549 
[11443.121046 
[11443.123526 
[11443.126046 
[11443.128531 
[11443.131029 
[11443.133271 
[11443.135769 
[11443.137014 
[11443.139610 
[11443.143354 
[11443.145601 
[11443.148057 
[11443.150843 
[11443.152099 
[11443.154556 
[11443.155874 
[11443.158304 
[11443.160828 
[11443.163092 
[11443.166817 
[11443.169314 
[11443.171809 
[11443.174268 
[11443.176805 
[11443.179324 
[11443.181798 
[11443.184293 
[11443.186807 
[11443.189316 
[11443.191791 
[11443.194036 
[11443.195226 
[11443.197777 
[11443.200273 
[11443.202770 
[11443.205234 
[11443.207763 
[11443.210528 
[11443.212776 
[11443.215458 
[11443.220495 
[11443.222726 
[11443.224985 
[11443.227480 
[11443.230251 
[11443.232665 
[11443.235127 
[11443.237624 
[11443.241399 
[11443.243895 
[11443.246371 
[11443.248890 
[11443.251347 
[11443.253883 
[11443.256146 
[11443.257335 
[11443.259868 
[11443.262365 
[11443.264862 
[11443.267359 
[11443.268607 
[11443.271102 
[11443.273846 
[11443.276259 
[11443.278858 
[11443.281081 
[11443.286295 
[11443.290821 
[11443.296079 
[11443.301077 
[11443.306063 
[11443.311038 
[11443.316029 
[11443.320771 
[11443.325763 
[11443.330754 
[11443.335747 
[11443.340738 
[11443.345671 
[11443.350472 
[11443.355464 
[11443.360737 
[11443.365726 
[11443.370452 
[11443.375689 
[11443.380440 
[11443.385163 
[11443.387660 
[11443.390427 
[11443.392663 
[11443.395437 
[11443.397619 
[11443.400142 
[11443.402639 
[11443.405377 
[11443.407871 
[11443.410366 
[11443.412583 
[11443.414866 
[11443.417569 
[11443.420078 
[11443.422504 
[11443.424847 
[11443.427561 
[11443.430069 
[11443.432552 
[11443.435002 
[11443.437535 
[11443.440054 
[11443.442528 
[11443.444781 
[11443.447302 
[11443.449813 
[11443.452520 
[11443.454765 
[11443.457261 
[11443.459756 
[11443.462256 
[11443.464748 
[11443.467239 
[11443.469997 
[11443.472169 
[11443.474715 
[11443.477211 
[11443.479474 
[11443.482239 
[11443.484735 
[11443.487231 
[11443.489452 
[11443.492236 
[11443.493232 
[11443.495986 
[11443.498435 
[11443.500933 
[11443.503459 
[11443.504461 
[11443.505849 
[11443.508169 
[11443.510661 
[11443.513082 
[11443.515556 
[11443.518053 
[11443.520550 
[11443.523050 
[11443.525540 
[11443.528039 
[11443.530534 
[11443.533138 
[11443.535633 
[11443.537870 
[11443.540381 
[11443.545647 
[11443.550654 
[11443.555632 
[11443.560620 
[11443.564125 
[11443.566611 
[11443.568858 
[11443.571603 
[11443.574066 
[11443.576564 
[11443.579096 
[11443.581539 
[11443.584086 
[11443.586519 
[11443.589028 
[11443.591519 
[11443.594024 
[11443.596525 
[11443.598812 
[11443.602567 
[11443.605053 
[11443.610288 
[11443.615279 
[11443.620050 
[11443.623673 
[11443.628700 
[11443.632257 
[11443.634998 
[11443.637492 
[11443.639961 
[11443.642483 
[11443.646251 
[11443.648722 
[11443.652468 
[11443.654927 
[11443.657459 
[11443.659703 
[11443.660951 
[11443.662165 
[11443.663430 
[11443.664658 
[11443.667127 
[11443.669641 
[11443.672177 
[11443.674670 
[11443.677176 
[11443.679693 
[11443.682169 
[11443.684665 
[11443.687124 
[11443.689681 
[11443.691862 
[11443.694395 
[11443.696915 
[11443.699388 
[11443.701874 
[11443.704386 
[11443.706903 
[11443.709340 
[11443.711873 
[11443.714373 
[11443.716864 
[11443.719364 
[11443.721762 
[11443.724105 
[11443.726564 
[11443.729098 
[11443.731495 
[11443.734300 
[11443.736798 
[11443.739295 
[11443.741538 
[11443.744227 
[11443.746833 
[11443.749308 
[11443.751552 
[11443.754026 
[11443.756560 
[11443.759048 
[11443.761545 
[11443.764025 
[11443.766503 
[11443.769033 
[11443.771493 
[11443.774046 
[11443.776486 
[11443.779018 
[11443.781263 
[11443.783760 
[11443.786220 
[11443.788653 
[11443.791249 
[11443.793744 
[11443.796183 
[11443.798735 
[11443.801232 
[11443.803746 
[11443.806216 
[11443.808710 
[11443.811206 
[11443.813722 
[11443.815950 
[11443.818454 
[11443.820949 
[11443.822148 
[11443.824956 
[11443.828430 
[11443.831197 
[11443.833423 
[11443.836172 
[11443.838414 
[11443.841155 
[11443.843649 
[11443.845903 
[11443.848395 
[11443.850886 
[11443.853303 
[11443.855839 
[11443.858330 
[11443.860878 
[11443.862307 
[11443.864514 
[11443.867112 
[11443.869608 
[11443.872354 
[11443.874598 
[11443.877094 
[11443.879340 
[11443.882087 
[11443.884337 
[11443.887098 
[11443.889533 
[11443.892025 
[11443.894497 
[11443.897038 
[11443.899523 
[11443.902016 
[11443.904554 
[11443.906819 
[11443.909294 
[11443.911698 
[11443.914311 
[11443.916781 
[11443.919277 
[11443.921774 
[11443.924270 
[11443.926765 
[11443.929260 
[11443.931758 
[11443.934250 
[11443.936750 
[11443.939243 
[11443.941491 
[11443.943985 
[11443.946504 
[11443.948976 
[11443.951475 
[11443.953992 
[11443.956486 
[11443.958962 
[11443.961458 
[11443.963978 
[11443.966453 
[11443.968947 
[11443.971189 
[11443.973709 
[11443.976181 
[11443.978678 
[11443.981174 
[11443.983670 
[11443.986163 
[11443.988663 
[11443.991410 
[11443.993656 
[11443.996111 
[11443.998649 
[11444.001145 
[11444.006139 
[11444.011131 
[11444.016124 
[11444.021114 
[11444.026040 
[11444.031113 
[11444.034590 
[11444.037087 
[11444.039584 
[11444.042026 
[11444.044539 
[11444.047047 
[11444.049525 
[11444.052019 
[11444.054574 
[11444.057087 
[11444.059569 
[11444.062063 
[11444.064500 
[11444.066682 
[11444.069302 
[11444.071799 
[11444.074235 
[11444.076788 
[11444.079282 
[11444.081782 
[11444.084278 
[11444.086750 
[11444.089127 
[11444.091906 
[11444.094468 
[11444.096959 
[11444.099183 
[11444.101633 
[11444.104125 
[11444.106635 
[11444.109100 
[11444.111642 
[11444.114184 
[11444.116711 
[11444.119169 
[11444.121686 
[11444.124225 
[11444.129107 
[11444.132691 
[11444.138934 
[11444.143835 
[11444.148917 
[11444.154167 
[11444.158900 
[11444.163665 
[11444.168637 
[11444.173654 
[11444.177625 
[11444.182618 
[11444.187607 
[11444.192346 
[11444.197326 
[11444.202334 
[11444.207346 
[11444.209819 
[11444.213586 
[11444.214812 
[11444.217306 
[11444.219765 
[11444.222201 
[11444.224702 
[11444.226991 
[11444.229542 
[11444.232040 
[11444.234537 
[11444.237022 
[11444.239515 
[11444.242014 
[11444.244472 
[11444.247023 
[11444.249746 
[11444.252000 
[11444.254497 
[11444.257002 
[11444.259236 
[11444.261610 
[11444.264098 
[11444.266594 
[11444.269096 
[11444.271707 
[11444.274177 
[11444.276705 
[11444.279151 
[11444.281696 
[11444.284428 
[11444.286688 
[11444.289419 
[11444.291422 
[11444.294175 
[11444.296675 
[11444.299068 
[11444.301654 
[11444.304161 
[11444.306683 
[11444.309053 
[11444.311634 
[11444.314152 
[11444.316626 
[11444.319035 
[11444.321370 
[11444.323886 
[11444.326360 
[11444.328772 
[11444.331363 
[11444.333849 
[11444.336350 
[11444.338756 
[11444.341337 
[11444.343839 
[11444.346331 
[11444.348792 
[11444.351575 
[11444.353575 
[11444.356075 
[11444.358786 
[11444.361029 
[11444.363582 
[11444.366055 
[11444.368770 
[11444.371014 
[11444.373813 
[11444.376041 
[11444.378752 
[11444.381016 
[11444.383528 
[11444.386024 
[11444.388484 
[11444.390941 
[11444.393512 
[11444.396009 
[11444.398504 
[11444.400898 
[11444.403504 
[11444.405993 
[11444.408493 
[11444.410950 
[11444.413504 
[11444.415980 
[11444.418225 
[11444.420956 
[11444.423218 
[11444.425710 
[11444.428210 
[11444.430941 
[11444.433199 
[11444.435698 
[11444.438190 
[11444.440673 
[11444.443186 
[11444.445678 
[11444.448174 
[11444.450634 
[11444.452916 
[11444.455610 
[11444.457885 
[11444.460404 
[11444.462902 
[11444.465392 
[11444.467893 
[11444.470390 
[11444.472937 
[11444.475382 
[11444.477876 
[11444.480090 
[11444.482617 
[11444.485113 
[11444.487634 
[11444.490137 
[11444.492868 
[11444.495291 
[11444.497615 
[11444.500092 
[11444.502791 
[11444.505326 
[11444.507844 
[11444.510278 
[11444.512438 
[11444.515005 
[11444.517508 
[11444.519992 
[11444.522511 
[11444.525043 
[11444.527540 
[11444.530034 
[11444.532788 
[11444.535029 
[11444.537545 
[11444.539983 
[11444.542187 
[11444.544710 
[11444.547276 
[11444.549751 
[11444.552158 
[11444.554996 
[11444.557258 
[11444.559736 
[11444.562141 
[11444.564981 
[11444.567224 
[11444.569969 
[11444.572125 
[11444.574712 
[11444.577168 
[11444.579702 
[11444.580930 
[11444.583450 
[11444.585947 
[11444.588436 
[11444.590915 
[11444.593326 
[11444.597200 
[11444.599673 
[11444.602128 
[11444.604429 
[11444.606928 
[11444.609404 
[11444.611863 
[11444.614376 
[11444.617146 
[11444.618106 
[11444.620561 
[11444.623032 
[11444.625882 
[11444.628382 
[11444.630897 
[11444.633084 
[11444.635621 
[11444.638115 
[11444.640628 
[11444.642818 
[11444.645564 
[11444.646850 
[11444.648121 
[11444.650597 
[11444.651844 
[11444.653092 
[11444.654234 
[11444.656864 
[11444.659331 
[11444.660577 
[11444.661538 
[11444.664093 
[11444.665318 
[11444.666533 
[11444.667779 
[11444.670310 
[11444.672809 
[11444.674038 
[11444.675268 
[11444.677801 
[11444.680315 
[11444.682756 
[11444.686469 
[11444.688975 
[11444.691465 
[11444.693945 
[11444.696181 
[11444.697492 
[11444.699976 
[11444.702471 
[11444.704967 
[11444.707652 
[11444.710240 
[11444.712437 
[11444.714955 
[11444.717504 
[11444.720220 
[11444.722681 
[11444.725177 
[11444.727123 
[11444.729712 
[11444.731223 
[11444.732150 
[11444.734943 
[11444.736136 
[11444.737156 
[11444.738571 
[11444.741212 
[11444.743645 
[11444.744873 
[11444.746142 
[11444.748553 
[11444.749797 
[11444.751172 
[11444.752382 
[11444.754854 
[11444.756161 
[11444.757432 
[11444.758373 
[11444.760784 
[11444.763363 
[11444.764594 
[11444.768395 
[11444.770810 
[11444.774613 
[11444.777133 
[11444.780894 
[11444.784529 
[11444.788365 
[11444.790624 
[11444.794513 
[11444.796848 
[11444.800590 
[11444.804567 
[11444.806731 
[11444.809581 
[11444.811823 
[11444.814561 
[11444.816963 
[11444.819570 
[11444.821717 
[11444.824300 
[11444.826709 
[11444.829300 
[11444.831789 
[11444.834246 
[11444.836735 
[11444.839279 
[11444.841772 
[11444.844233 
[11444.846685 
[11444.849260 
[11444.851503 
[11444.854002 
[11444.856448 
[11444.858994 
[11444.861491 
[11444.864004 
[11444.866435 
[11444.868979 
[11444.871476 
[11444.874193 
[11444.876419 
[11444.878964 
[11444.881477 
[11444.883666 
[11444.886355 
[11444.888697 
[11444.891207 
[11444.893690 
[11444.896146 
[11444.898680 
[11444.901174 
[11444.903674 
[11444.906342 
[11444.908866 
[11444.911159 
[11444.913407 
[11444.916076 
[11444.918670 
[11444.920914 
[11444.923582 
[11444.926063 
[11444.928526 
[11444.931102 
[11444.934814 
[11444.938615 
[11444.942359 
[11444.947055 
[11444.950743 
[11444.954568 
[11444.958293 
[11444.963291 
[11444.966036 
[11444.971089 
[11444.974220 
[11444.979263 
[11444.981803 
[11444.986747 
[11444.990800 
[11444.995771 
[11444.998250 
[11445.003260 
[11445.007969 
[11445.012907 
[11445.017939 
[11445.022942 
[11445.027935 
[11445.032962 
[11445.037875 
[11445.042702 
[11445.047678 
[11445.052686 
[11445.057923 
[11445.062582 
[11445.067671 
[11445.072625 
[11445.077617 
[11445.082645 
[11445.087542 
[11445.092627 
[11445.097381 
[11445.102316 
[11445.107367 
[11445.112300 
[11445.117326 
[11445.122313 
[11445.127060 
[11445.132058 
[11445.137051 
[11445.142277 
[11445.147286 
[11445.152261 
[11445.157273 
[11445.161996 
[11445.166987 
[11445.171890 
[11445.176971 
[11445.181967 
[11445.186951 
[11445.191711 
[11445.196598 
[11445.201677 
[11445.206670 
[11445.211558 
[11445.216656 
[11445.221570 
[11445.225392 
[11445.230138 
[11445.235286 
[11445.241603 
[11445.246538 
[11445.251311 
[11445.256247 
[11445.261259 
[11445.266281 
[11445.271323 
[11445.275067 
[11445.280038 
[11445.284779 
[11445.289733 
[11445.294766 
[11445.300007 
[11445.304727 
[11445.309741 
[11445.314462 
[11445.319726 
[11445.322220 
[11445.324737 
[11445.326962 
[11445.329669 
[11445.332207 
[11445.334698 
[11445.336947 
[11445.339650 
[11445.342186 
[11445.344681 
[11445.346947 
[11445.349453 
[11445.351937 
[11445.354454 
[11445.356940 
[11445.359440 
[11445.361816 
[11445.364389 
[11445.366940 
[11445.369417 
[11445.371869 
[11445.374320 
[11445.376654 
[11445.379152 
[11445.381912 
[11445.384028 
[11445.386640 
[11445.389137 
[11445.391877 
[11445.394082 
[11445.396521 
[11445.399106 
[11445.401862 
[11445.404305 
[11445.406234 
[11445.409057 
[11445.411587 
[11445.414093 
[11445.416540 
[11445.418976 
[11445.421583 
[11445.424006 
[11445.426497 
[11445.429001 
[11445.431572 
[11445.433942 
[11445.436301 
[11445.439045 
[11445.441198 
[11445.443689 
[11445.446284 
[11445.448789 
[11445.451184 
[11445.453682 
[11445.456264 
[11445.459015 
[11445.461504 
[11445.463911 
[11445.466240 
[11445.468740 
[11445.471255 
[11445.473640 
[11445.476232 
[11445.478729 
[11445.481252 
[11445.483716 
[11445.486176 
[11445.488707 
[11445.491161 
[11445.493662 
[11445.495941 
[11445.498459 
[11445.500946 
[11445.503440 
[11445.505939 
[11445.508455 
[11445.510927 
[11445.513424 
[11445.515919 
[11445.518414 
[11445.520912 
[11445.523410 
[11445.525627 
[11445.528146 
[11445.530645 
[11445.533142 
[11445.535635 
[11445.538158 
[11445.540629 
[11445.543121 
[11445.545583 
[11445.548138 
[11445.550609 
[11445.553106 
[11445.555546 
[11445.557867 
[11445.560342 
[11445.562841 
[11445.565323 
[11445.567831 
[11445.570513 
[11445.572825 
[11445.575581 
[11445.578062 
[11445.580557 
[11445.583050 
[11445.585499 
[11445.587518 
[11445.590314 
[11445.592807 
[11445.595242 
[11445.597682 
[11445.600273 
[11445.602770 
[11445.605230 
[11445.607782 
[11445.610258 
[11445.612753 
[11445.615230 
[11445.617654 
[11445.619950 
[11445.622435 
[11445.625224 
[11445.627382 
[11445.629937 
[11445.632470 
[11445.635186 
[11445.637427 
[11445.640211 
[11445.642705 
[11445.645170 
[11445.647683 
[11445.649845 
[11445.652408 
[11445.654923 
[11445.657116 
[11445.659930 
[11445.662322 
[11445.664907 
[11445.667417 
[11445.669916 
[11445.672318 
[11445.674891 
[11445.677341 
[11445.679650 
[11445.682164 
[11445.683361 
[11445.685851 
[11445.688409 
[11445.690916 
[11445.693345 
[11445.697034 
[11445.699624 
[11445.702121 
[11445.704889 
[11445.707019 
[11445.709357 
[11445.712105 
[11445.714370 
[11445.717050 
[11445.719593 
[11445.721841 
[11445.723338 
[11445.725833 
[11445.728329 
[11445.730789 
[11445.733324 
[11445.735531 
[11445.738033 
[11445.740465 
[11445.743057 
[11445.745554 
[11445.748017 
[11445.750506 
[11445.753041 
[11445.755538 
[11445.758055 
[11445.760418 
[11445.762778 
[11445.765476 
[11445.767732 
[11445.770267 
[11445.772727 
[11445.775276 
[11445.777717 
[11445.780252 
[11445.782747 
[11445.785188 
[11445.787684 
[11445.790180 
[11445.792673 
[11445.795245 
[11445.797933 
[11445.799967 
[11445.802468 
[11445.805127 
[11445.807667 
[11445.809900 
[11445.812693 
[11445.815207 
[11445.817364 
[11445.820186 
[11445.822676 
[11445.824883 
[11445.827581 
[11445.829919 
[11445.832413 
[11445.834912 
[11445.837372 
[11445.839800 
[11445.842399 
[11445.844895 
[11445.847354 
[11445.849786 
[11445.852386 
[11445.854899 
[11445.857339 
[11445.859871 
[11445.862267 
[11445.864631 
[11445.867072 
[11445.869855 
[11445.872262 
[11445.874582 
[11445.877351 
[11445.879837 
[11445.882363 
[11445.884493 
[11445.887295 
[11445.889326 
[11445.891815 
[11445.894532 
[11445.897031 
[11445.899504 
[11445.902062 
[11445.904555 
[11445.906961 
[11445.909499 
[11445.912044 
[11445.914566 
[11445.917003 
[11445.919485 
[11445.921802 
[11445.924279 
[11445.926771 
[11445.929177 
[11445.931791 
[11445.934267 
[11445.936760 
[11445.939205 
[11445.941777 
[11445.944249 
[11445.946745 
[11445.949206 
[11445.951446 
[11445.953983 
[11445.956480 
[11445.959187 
[11445.961433 
[11445.963969 
[11445.966463 
[11445.968926 
[11445.971422 
[11445.973917 
[11445.976449 
[11445.978911 
[11445.981436 
[11445.983902 
[11445.986189 
[11445.988690 
[11445.991193 
[11445.993676 
[11445.996373 
[11445.998653 
[11446.001411 
[11446.003662 
[11446.006367 
[11446.008882 
[11446.011360 
[11446.013399 
[11446.016084 
[11446.018599 
[11446.021050 
[11446.023575 
[11446.026059 
[11446.028769 
[11446.031085 
[11446.033582 
[11446.036078 
[11446.038573 
[11446.041000 
[11446.043831 
[11446.045790 
[11446.048559 
[11446.050722 
[11446.053533 
[11446.056064 
[11446.058548 
[11446.061021 
[11446.063465 
[11446.066049 
[11446.068545 
[11446.071039 
[11446.073450 
[11446.075783 
[11446.078276 
[11446.080738 
[11446.083233 
[11446.085682 
[11446.088223 
[11446.090745 
[11446.093239 
[11446.095676 
[11446.098290 
[11446.100729 
[11446.103154 
[11446.105510 
[11446.107989 
[11446.110465 
[11446.112959 
[11446.114462 
[11446.116697 
[11446.119136 
[11446.121965 
[11446.124501 
[11446.126719 
[11446.129217 
[11446.131635 
[11446.134210 
[11446.136451 
[11446.140199 
[11446.142707 
[11446.145449 
[11446.147696 
[11446.150442 
[11446.152589 
[11446.155449 
[11446.157955 
[11446.160428 
[11446.161425 
[11446.164174 
[11446.166394 
[11446.168892 
[11446.171141 
[11446.173849 
[11446.176384 
[11446.178881 
[11446.181399 
[11446.183839 
[11446.186372 
[11446.188870 
[11446.191115 
[11446.193609 
[11446.196072 
[11446.197315 
[11446.198624 
[11446.199849 
[11446.201101 
[11446.202349 
[11446.203554 
[11446.204807 
[11446.206056 
[11446.207302 
[11446.208573 
[11446.209839 
[11446.211081 
[11446.212293 
[11446.213792 
[11446.214806 
[11446.215977 
[11446.217287 
[11446.218825 
[11446.219822 
[11446.221070 
[11446.222324 
[11446.223488 
[11446.224795 
[11446.225943 
[11446.226958 
[11446.228524 
[11446.229564 
[11446.230809 
[11446.232080 
[11446.233303 
[11446.234551 
[11446.235765 
[11446.236954 
[11446.238570 
[11446.239548 
[11446.240795 
[11446.242058 
[11446.243255 
[11446.244754 
[11446.245751 
[11446.246915 
[11446.248424 
[11446.249746 
[11446.250746 
[11446.252241 
[11446.253489 
[11446.254740 
[11446.255737 
[11446.257237 
[11446.257905 
[11446.259407 
[11446.260732 
[11446.261979 
[11446.263224 
[11446.264472 
[11446.265745 
[11446.266720 
[11446.268150 
[11446.269392 
[11446.270656 
[11446.271979 
[11446.273208 
[11446.274456 
[11446.275722 
[11446.276954 
[11446.278157 
[11446.279381 
[11446.280625 
[11446.281964 
[11446.283196 
[11446.284441 
[11446.285693 
[11446.286940 
[11446.288191 
[11446.289369 
[11446.290361 
[11446.291653 
[11446.292931 
[11446.294162 
[11446.295426 
[11446.296675 
[11446.297924 
[11446.299185 
[11446.300601 
[11446.301595 
[11446.302917 
[11446.304416 
[11446.305427 
[11446.306914 
[11446.307931 
[11446.309162 
[11446.310359 
[11446.311584 
[11446.312860 
[11446.314400 
[11446.315668 
[11446.316842 
[11446.317931 
[11446.319180 
[11446.320138 
[11446.321318 
[11446.322561 
[11446.323818 
[11446.325404 
[11446.326667 
[11446.327916 
[11446.328914 
[11446.330126 
[11446.331327 
[11446.332550 
[11446.333802 
[11446.335365 
[11446.336653 
[11446.337650 
[11446.338903 
[11446.340363 
[11446.341373 
[11446.342787 
[11446.343783 
[11446.345352 
[11446.346641 
[11446.347887 
[11446.349152 
[11446.350386 
[11446.351344 
[11446.352592 
[11446.353770 
[11446.355003 
[11446.356371 
[11446.357622 
[11446.358888 
[11446.360032 
[11446.361329 
[11446.362578 
[11446.363757 
[11446.364985 
[11446.366253 
[11446.367605 
[11446.368853 
[11446.370102 
[11446.371312 
[11446.372562 
[11446.373743 
[11446.374983 
[11446.376238 
[11446.377503 
[11446.378836 
[11446.380085 
[11446.381082 
[11446.382310 
[11446.383539 
[11446.384725 
[11446.385963 
[11446.387535 
[11446.388833 
[11446.389817 
[11446.391064 
[11446.392294 
[11446.393526 
[11446.394710 
[11446.396020 
[11446.399802 
[11446.402298 
[11446.404711 
[11446.407534 
[11446.409748 
[11446.412281 
[11446.414783 
[11446.417022 
[11446.419765 
[11446.422030 
[11446.424474 
[11446.425696 
[11446.430752 
[11446.435955 
[11446.440946 
[11446.445627 
[11446.450717 
[11446.455616 
[11446.460699 
[11446.465675 
[11446.470683 
[11446.475471 
[11446.480442 
[11446.485402 
[11446.490331 
[11446.495634 
[11446.500655 
[11446.505319 
[11446.510388 
[11446.515305 
[11446.520320 
[11446.525382 
[11446.530266 
[11446.535099 
[11446.540054 
[11446.545084 
[11446.550075 
[11446.554974 
[11446.560067 
[11446.565033 
[11446.570044 
[11446.575064 
[11446.582141 
[11446.584978 
[11446.589882 
[11446.594709 
[11446.599637 
[11446.604696 
[11446.609689 
[11446.614594 
[11446.619625 
[11446.624632 
[11446.626914 
[11446.630658 
[11446.633153 
[11446.636898 
[11446.639394 
[11446.644634 
[11446.647094 
[11446.650849 
[11446.653189 
[11446.656927 
[11446.659142 
[11446.664397 
[11446.666896 
[11446.670637 
[11446.673099 
[11446.676879 
[11446.679379 
[11446.682826 
[11446.685312 
[11446.690361 
[11446.692858 
[11446.696550 
[11446.699042 
[11446.703091 
[11446.705291 
[11446.709020 
[11446.711826 
[11446.716296 
[11446.719015 
[11446.722810 
[11446.725225 
[11446.728808 
[11446.731261 
[11446.736540 
[11446.739053 
[11446.742792 
[11446.745034 
[11446.748703 
[11446.751278 
[11446.755024 
[11446.757522 
[11446.762478 
[11446.765018 
[11446.768748 
[11446.771131 
[11446.776014 
[11446.778491 
[11446.780987 
[11446.785884 
[11446.788478 
[11446.793467 
[11446.797179 
[11446.802208 
[11446.805689 
[11446.809460 
[11446.813189 
[11446.818141 
[11446.821923 
[11446.825947 
[11446.829373 
[11446.833147 
[11446.836897 
[11446.840522 
[11446.844389 
[11446.847878 
[11446.851877 
[11446.855642 
[11446.858116 
[11446.863076 
[11446.865377 
[11446.870348 
[11446.872809 
[11446.877836 
[11446.880333 
[11446.885326 
[11446.887819 
[11446.891562 
[11446.894062 
[11446.898823 
[11446.901299 
[11446.906204 
[11446.908724 
[11446.913781 
[11446.916299 
[11446.921478 
[11446.925277 
[11446.929753 
[11446.932474 
[11446.937441 
[11446.939947 
[11446.944977 
[11446.947473 
[11446.952404 
[11446.954959 
[11446.959645 
[11446.962449 
[11446.967189 
[11446.969684 
[11446.974678 
[11446.977172 
[11446.982184 
[11446.984668 
[11446.989409 
[11446.991925 
[11446.997142 
[11446.999664 
[11447.004382 
[11447.006783 
[11447.011873 
[11447.014617 
[11447.019316 
[11447.021852 
[11447.026844 
[11447.029247 
[11447.034329 
[11447.036826 
[11447.041854 
[11447.044311 
[11447.048061 
[11447.051515 
[11447.055293 
[11447.059059 
[11447.064034 
[11447.066541 
[11447.070275 
[11447.073932 
[11447.079012 
[11447.081255 
[11447.084904 
[11447.088743 
[11447.092512 
[11447.096451 
[11447.100228 
[11447.103722 
[11447.107464 
[11447.111402 
[11447.114896 
[11447.118697 
[11447.122349 
[11447.126139 
[11447.129680 
[11447.133620 
[11447.137362 
[11447.141164 
[11447.144655 
[11447.148344 
[11447.152087 
[11447.156129 
[11447.159873 
[11447.163630 
[11447.167369 
[11447.171072 
[11447.174600 
[11447.178342 
[11447.182115 
[11447.185743 
[11447.189578 
[11447.193281 
[11447.197065 
[11447.200809 
[11447.204512 
[11447.207944 
[11447.211788 
[11447.215490 
[11447.219275 
[11447.223020 
[11447.226726 
[11447.230654 
[11447.234195 
[11447.237986 
[11447.241738 
[11447.245482 
[11447.249241 
[11447.252690 
[11447.256720 
[11447.260461 
[11447.264166 
[11447.267911 
[11447.271436 
[11447.275143 
[11447.278932 
[11447.282701 
[11447.286380 
[11447.290160 
[11447.293904 
[11447.297604 
[11447.301140 
[11447.304885 
[11447.308631 
[11447.312381 
[11447.316151 
[11447.319830 
[11447.323612 
[11447.327355 
[11447.330751 
[11447.334860 
[11447.338336 
[11447.342356 
[11447.345822 
[11447.349584 
[11447.353517 
[11447.357452 
[11447.360549 
[11447.364536 
[11447.368228 
[11447.371772 
[11447.375725 
[11447.379753 
[11447.383269 
[11447.386992 
[11447.390433 
[11447.394439 
[11447.396972 
[11447.401715 
[11447.404459 
[11447.409383 
[11447.411742 
[11447.416850 
[11447.419330 
[11447.423901 
[11447.426608 
[11447.431501 
[11447.434015 
[11447.438993 
[11447.441567 
[11447.446491 
[11447.449076 
[11447.453775 
[11447.454981 
[11447.456305 
[11447.458946 
[11447.461397 
[11447.462632 
[11447.463901 
[11447.466379 
[11447.468932 
[11447.470066 
[11447.471376 
[11447.472693 
[11447.475148 
[11447.477561 
[11447.480247 
[11447.481403 
[11447.483496 
[11447.486220 
[11447.488710 
[11447.491127 
[11447.493755 
[11447.496131 
[11447.498723 
[11447.501138 
[11447.503727 
[11447.506126 
[11447.508651 
[11447.511154 
[11447.515965 
[11447.520909 
[11447.525920 
[11447.530967 
[11447.535806 
[11447.540952 
[11447.545753 
[11447.550773 
[11447.555779 
[11447.560742 
[11447.565801 
[11447.570755 
[11447.575783 
[11447.580533 
[11447.585559 
[11447.590546 
[11447.595500 
[11447.600557 
[11447.605455 
[11447.610251 
[11447.615261 
[11447.620218 
[11447.625204 
[11447.630272 
[11447.635234 
[11447.640051 
[11447.645058 
[11447.650086 
[11447.655077 
[11447.660092 
[11447.665101 
[11447.669853 
[11447.674859 
[11447.679941 
[11447.684985 
[11447.689897 
[11447.694965 
[11447.699926 
[11447.704721 
[11447.709690 
[11447.714683 
[11447.719616 
[11447.723370 
[11447.729749 
[11447.734416 
[11447.739421 
[11447.744398 
[11447.749416 
[11447.754412 
[11447.759421 
[11447.763042 
[11447.768038 
[11447.773056 
[11447.778075 
[11447.782987 
[11447.788089 
[11447.792788 
[11447.797747 
[11447.802758 
[11447.807867 
[11447.812850 
[11447.817791 
[11447.822597 
[11447.827820 
[11447.832523 
[11447.837516 
[11447.842480 
[11447.847461 
[11447.852289 
[11447.857281 
[11447.862204 
[11447.867256 
[11447.872268 
[11447.877255 
[11447.881995 
[11447.886990 
[11447.891943 
[11447.896974 
[11447.901963 
[11447.906957 
[11447.911949 
[11447.916958 
[11447.921975 
[11447.926961 
[11447.931891 
[11447.936884 
[11447.941876 
[11447.946624 
[11447.951609 
[11447.956584 
[11447.961591 
[11447.966842 
[11447.971880 
[11447.976646 
[11447.981614 
[11447.986605 
[11447.991598 
[11447.996544 
[11448.001591 
[11448.006310 
[11448.011318 
[11448.016273 
[11448.021552 
[11448.026536 
[11448.031283 
[11448.035988 
[11448.041265 
[11448.046224 
[11448.051001 
[11448.056154 
[11448.061235 
[11448.066003 
[11448.070972 
[11448.074713 
[11448.078461 
[11448.080955 
[11448.084706 
[11448.087158 
[11448.090937 
[11448.094426 
[11448.098154 
[11448.100677 
[11448.104412 
[11448.106878 
[11448.110653 
[11448.115643 
[11448.119390 
[11448.123154 
[11448.126645 
[11448.131562 
[11448.135363 
[11448.139108 
[11448.142877 
[11448.148047 
[11448.152840 
[11448.157755 
[11448.161591 
[11448.166543 
[11448.170320 
[11448.175312 
[11448.177808 
[11448.182803 
[11448.184991 
[11448.189969 
[11448.192464 
[11448.197723 
[11448.201503 
[11448.205251 
[11448.207712 
[11448.212741 
[11448.217478 
[11448.221221 
[11448.223717 
[11448.228675 
[11448.231209 
[11448.236199 
[11448.238661 
[11448.243706 
[11448.247178 
[11448.252174 
[11448.254672 
[11448.258374 
[11448.260910 
[11448.265902 
[11448.268610 
[11448.273389 
[11448.275904 
[11448.279586 
[11448.283399 
[11448.286863 
[11448.290860 
[11448.294601 
[11448.298345 
[11448.302091 
[11448.305842 
[11448.309327 
[11448.313071 
[11448.318024 
[11448.320510 
[11448.325550 
[11448.328046 
[11448.333058 
[11448.335534 
[11448.340239 
[11448.342794 
[11448.346513 
[11448.350243 
[11448.354003 
[11448.357751 
[11448.361444 
[11448.365478 
[11448.368727 
[11448.372470 
[11448.376233 
[11448.379960 
[11448.383726 
[11448.387692 
[11448.391399 
[11448.395175 
[11448.397673 
[11448.399877 
[11448.402362 
[11448.404915 
[11448.408655 
[11448.411105 
[11448.413651 
[11448.416169 
[11448.418643 
[11448.421141 
[11448.423597 
[11448.426144 
[11448.428872 
[11448.430798 
[11448.433636 
[11448.436011 
[11448.438282 
[11448.441068 
[11448.443538 
[11448.446022 
[11448.448306 
[11448.450802 
[11448.453549 
[11448.456006 
[11448.458289 
[11448.461000 
[11448.463243 
[11448.465739 
[11448.468272 
[11448.470732 
[11448.473274 
[11448.475722 
[11448.478257 
[11448.480752 
[11448.483265 
[11448.485748 
[11448.488244 
[11448.490737 
[11448.493243 
[11448.495481 
[11448.497974 
[11448.500486 
[11448.502969 
[11448.505463 
[11448.507961 
[11448.510469 
[11448.512951 
[11448.515701 
[11448.517943 
[11448.520689 
[11448.522934 
[11448.525179 
[11448.527673 
[11448.530419 
[11448.532933 
[11448.535165 
[11448.537909 
[11448.540405 
[11448.542918 
[11448.545148 
[11448.547645 
[11448.550417 
[11448.552882 
[11448.555130 
[11448.557629 
[11448.560139 
[11448.562619 
[11448.565116 
[11448.567612 
[11448.569856 
[11448.572601 
[11448.575060 
[11448.577579 
[11448.579887 
[11448.582575 
[11448.584880 
[11448.587376 
[11448.589892 
[11448.592298 
[11448.594806 
[11448.597601 
[11448.599831 
[11448.602592 
[11448.605090 
[11448.608613 
[11448.611142 
[11448.615995 
[11448.618465 
[11448.623437 
[11448.627168 
[11448.632167 
[11448.634722 
[11448.639697 
[11448.643512 
[11448.646982 
[11448.651995 
[11448.656981 
[11448.661979 
[11448.667007 
[11448.672017 
[11448.676790 
[11448.681774 
[11448.686825 
[11448.691860 
[11448.696854 
[11448.701872 
[11448.706617 
[11448.711592 
[11448.716567 
[11448.721606 
[11448.725250 
[11448.730324 
[11448.736314 
[11448.741294 
[11448.746187 
[11448.751438 
[11448.756358 
[11448.761333 
[11448.766156 
[11448.769894 
[11448.775039 
[11448.780006 
[11448.785011 
[11448.790021 
[11448.794963 
[11448.799766 
[11448.804692 
[11448.809720 
[11448.814703 
[11448.819630 
[11448.824721 
[11448.829431 
[11448.834438 
[11448.839439 
[11448.844445 
[11448.849451 
[11448.854463 
[11448.857057 
[11448.859290 
[11448.861820 
[11448.864283 
[11448.866824 
[11448.869311 
[11448.871722 
[11448.874278 
[11448.876796 
[11448.879274 
[11448.881681 
[11448.884327 
[11448.886783 
[11448.889304 
[11448.891623 
[11448.894073 
[11448.896541 
[11448.899082 
[11448.901506 
[11448.904008 
[11448.906508 
[11448.909124 
[11448.911600 
[11448.914061 
[11448.916538 
[11448.919158 
[11448.921367 
[11448.923786 
[11448.926404 
[11448.928904 
[11448.931413 
[11448.933848 
[11448.936409 
[11448.938919 
[11448.941455 
[11448.943822 
[11448.946419 
[11448.948846 
[11448.951216 
[11448.953622 
[11448.956163 
[11448.959101 
[11448.961331 
[11448.963613 
[11448.966175 
[11448.968514 
[11448.971285 
[11448.973525 
[11448.976334 
[11448.978606 
[11448.981106 
[11448.983619 
[11448.986034 
[11448.988275 
[11448.991022 
[11448.993528 
[11448.996057 
[11448.998571 
[11449.001119 
[11449.002348 
[11449.005033 
[11449.007539 
[11449.009824 
[11449.012330 
[11449.014829 
[11449.017347 
[11449.019571 
[11449.022311 
[11449.024828 
[11449.027269 
[11449.032314 
[11449.037187 
[11449.042241 
[11449.047482 
[11449.051970 
[11449.057230 
[11449.061955 
[11449.067165 
[11449.071939 
[11449.076940 
[11449.081674 
[11449.086669 
[11449.090627 
[11449.095654 
[11449.100659 
[11449.105637 
[11449.110643 
[11449.115368 
[11449.121564 
[11449.125277 
[11449.130343 
[11449.135339 
[11449.140598 
[11449.145069 
[11449.150076 
[11449.155303 
[11449.160066 
[11449.165040 
[11449.170030 
[11449.175020 
[11449.179762 
[11449.184754 
[11449.189746 
[11449.194740 
[11449.199995 
[11449.204722 
[11449.209715 
[11449.214706 
[11449.219698 
[11449.224690 
[11449.229679 
[11449.234683 
[11449.239417 
[11449.244420 
[11449.249650 
[11449.254641 
[11449.259631 
[11449.264377 
[11449.269369 
[11449.274359 
[11449.279350 
[11449.284354 
[11449.289333 
[11449.294342 
[11449.299071 
[11449.304012 
[11449.309051 
[11449.314047 
[11449.319037 
[11449.324040 
[11449.328769 
[11449.333779 
[11449.339005 
[11449.343716 
[11449.348991 
[11449.353944 
[11449.358978 
[11449.363686 
[11449.368713 
[11449.373672 
[11449.378695 
[11449.383665 
[11449.388679 
[11449.393400 
[11449.398412 
[11449.403406 
[11449.408398 
[11449.413391 
[11449.418384 
[11449.423125 
[11449.428117 
[11449.433110 
[11449.438106 
[11449.443094 
[11449.448335 
[11449.453077 
[11449.457818 
[11449.462810 
[11449.467813 
[11449.473042 
[11449.477978 
[11449.482774 
[11449.487766 
[11449.492671 
[11449.497747 
[11449.501792 
[11449.506783 
[11449.511776 
[11449.517475 
[11449.522758 
[11449.527763 
[11449.532741 
[11449.537681 
[11449.541241 
[11449.547473 
[11449.551242 
[11449.556209 
[11449.561221 
[11449.566191 
[11449.571182 
[11449.576167 
[11449.580905 
[11449.586153 
[11449.591143 
[11449.595878 
[11449.601148 
[11449.606118 
[11449.610881 
[11449.615599 
[11449.620842 
[11449.625834 
[11449.630826 
[11449.635757 
[11449.640472 
[11449.645550 
[11449.650551 
[11449.655521 
[11449.660474 
[11449.665447 
[11449.670439 
[11449.675241 
[11449.680232 
[11449.685171 
[11449.690158 
[11449.695146 
[11449.700138 
[11449.704942 
[11449.710200 
[11449.715170 
[11449.720163 
[11449.725161 
[11449.730145 
[11449.735138 
[11449.740132 
[11449.745119 
[11449.749873 
[11449.754824 
[11449.759838 
[11449.764945 
[11449.769885 
[11449.773553 
[11449.776109 
[11449.778654 
[11449.780812 
[11449.784683 
[11449.787156 
[11449.789671 
[11449.792049 
[11449.794651 
[11449.797166 
[11449.800916 
[11449.803332 
[11449.805803 
[11449.809644 
[11449.811881 
[11449.814382 
[11449.819361 
[11449.821891 
[11449.824356 
[11449.829344 
[11449.831918 
[11449.834401 
[11449.839366 
[11449.843216 
[11449.845469 
[11449.850394 
[11449.852808 
[11449.855446 
[11449.860391 
[11449.864263 
[11449.866700 
[11449.869246 
[11449.871745 
[11449.874180 
[11449.876427 
[11449.878883 
[11449.881351 
[11449.884103 
[11449.886467 
[11449.888906 
[11449.891379 
[11449.894029 
[11449.896370 
[11449.899057 
[11449.901435 
[11449.903944 
[11449.906425 
[11449.909078 
[11449.911223 
[11449.913760 
[11449.916244 
[11449.918776 
[11449.921269 
[11449.923682 
[11449.926280 
[11449.928721 
[11449.931276 
[11449.933770 
[11449.936324 
[11449.938744 
[11449.941289 
[11449.943486 
[11449.946094 
[11449.948492 
[11449.951072 
[11449.953458 
[11449.956055 
[11449.958514 
[11449.961124 
[11449.963484 
[11449.966083 
[11449.968517 
[11449.971124 
[11449.973483 
[11449.975734 
[11449.978253 
[11449.980885 
[11449.983301 
[11449.985712 
[11449.988290 
[11449.990798 
[11449.993339 
[11449.995828 
[11449.998343 
[11450.000871 
[11450.003343 
[11450.005533 
[11450.008051 
[11450.010575 
[11450.013087 
[11450.015571 
[11450.018131 
[11450.020564 
[11450.023162 
[11450.025602 
[11450.028058 
[11450.030580 
[11450.033127 
[11450.035608 
[11450.037887 
[11450.040427 
[11450.042928 
[11450.045336 
[11450.047894 
[11450.050449 
[11450.052905 
[11450.055286 
[11450.057938 
[11450.060430 
[11450.062956 
[11450.065394 
[11450.067987 
[11450.070167 
[11450.072625 
[11450.075192 
[11450.077659 
[11450.080184 
[11450.082690 
[11450.085208 
[11450.087689 
[11450.090234 
[11450.092671 
[11450.095166 
[11450.097740 
[11450.100252 
[11450.102495 
[11450.104960 
[11450.107460 
[11450.109966 
[11450.112417 
[11450.114971 
[11450.183271 
[11450.188349 
[11450.193339 
[11450.198012 
[11450.203103 
[11450.208417 
[11450.213602 
[11450.218078 
[11450.223056 
[11450.227736 
[11450.232799 
[11450.237791 
[11450.242705 
[11450.247706 
[11450.252763 
[11450.257791 
[11450.262766 
[11450.267529 
[11450.272498 
[11450.277508 
[11450.282734 
[11450.287474 
[11450.292468 
[11450.297465 
[11450.302413 
[11450.307448 
[11450.312385 
[11450.317460 
[11450.322174 
[11450.327164 
[11450.332157 
[11450.337110 
[11450.342391 
[11450.347335 
[11450.352376 
[11450.356831 
[11450.362108 
[11450.367064 
[11450.372095 
[11450.377049 
[11450.382078 
[11450.386780 
[11450.392062 
[11450.396766 
[11450.401817 
[11450.406785 
[11450.411798 
[11450.416766 
[11450.421510 
[11450.426501 
[11450.431498 
[11450.436676 
[11450.441740 
[11450.446410 
[11450.451229 
[11450.456393 
[11450.461212 
[11450.466428 
[11450.471424 
[11450.476415 
[11450.481166 
[11450.486100 
[11450.491058 
[11450.496152 
[11450.499841 
[11450.504892 
[11450.509897 
[11450.514869 
[11450.519837 
[11450.524601 
[11450.529592 
[11450.534856 
[11450.539827 
[11450.544587 
[11450.549560 
[11450.554551 
[11450.559548 
[11450.564538 
[11450.569534 
[11450.574278 
[11450.579276 
[11450.584283 
[11450.589256 
[11450.594236 
[11450.599243 
[11450.603982 
[11450.609190 
[11450.614225 
[11450.619183 
[11450.623964 
[11450.628953 
[11450.633910 
[11450.638939 
[11450.643891 
[11450.648854 
[11450.653847 
[11450.658848 
[11450.663645 
[11450.668623 
[11450.673561 
[11450.678862 
[11450.683543 
[11450.688842 
[11450.693586 
[11450.698268 
[11450.703258 
[11450.708262 
[11450.713240 
[11450.718579 
[11450.723537 
[11450.728295 
[11450.733181 
[11450.738261 
[11450.743257 
[11450.748243 
[11450.753436 
[11450.757976 
[11450.762968 
[11450.768235 
[11450.772951 
[11450.777960 
[11450.782937 
[11450.787929 
[11450.792920 
[11450.797922 
[11450.802908 
[11450.807897 
[11450.812889 
[11450.817905 
[11450.822620 
[11450.827642 
[11450.832604 
[11450.837596 
[11450.842506 
[11450.847573 
[11450.852343 
[11450.857315 
[11450.862304 
[11450.867263 
[11450.872290 
[11450.877527 
[11450.882233 
[11450.887020 
[11450.892206 
[11450.897197 
[11450.902264 
[11450.907199 
[11450.910674 
[11450.915476 
[11450.920712 
[11450.925674 
[11450.930698 
[11450.935683 
[11450.942120 
[11450.946611 
[11450.951604 
[11450.956657 
[11450.960398 
[11450.965343 
[11450.970634 
[11450.975362 
[11450.980372 
[11450.985385 
[11450.990109 
[11450.995387 
[11451.000253 
[11451.005124 
[11451.010115 
[11451.015046 
[11451.020125 
[11451.025191 
[11451.030164 
[11451.035191 
[11451.039833 
[11451.044871 
[11451.049772 
[11451.054759 
[11451.059802 
[11451.063581 
[11451.066210 
[11451.068478 
[11451.070829 
[11451.073422 
[11451.075909 
[11451.078431 
[11451.080927 
[11451.083416 
[11451.085912 
[11451.088344 
[11451.090927 
[11451.093443 
[11451.096001 
[11451.098481 
[11451.100578 
[11451.103241 
[11451.105618 
[11451.108200 
[11451.110644 
[11451.113258 
[11451.115635 
[11451.118253 
[11451.120653 
[11451.123213 
[11451.125645 
[11451.128133 
[11451.130491 
[11451.132990 
[11451.135515 
[11451.137938 
[11451.140501 
[11451.143037 
[11451.145552 
[11451.148057 
[11451.150504 
[11451.153067 
[11451.155512 
[11451.157964 
[11451.160427 
[11451.162684 
[11451.165271 
[11451.167689 
[11451.170206 
[11451.172693 
[11451.175247 
[11451.177703 
[11451.180207 
[11451.182792 
[11451.185399 
[11451.187708 
[11451.190373 
[11451.192586 
[11451.195073 
[11451.197593 
[11451.200060 
[11451.202587 
[11451.205093 
[11451.207562 
[11451.210107 
[11451.212574 
[11451.215028 
[11451.217664 
[11451.220201 
[11451.222390 
[11451.224831 
[11451.227418 
[11451.229777 
[11451.232465 
[11451.234821 
[11451.237410 
[11451.239803 
[11451.242469 
[11451.244851 
[11451.247450 
[11451.249808 
[11451.252207 
[11451.254647 
[11451.257143 
[11451.259610 
[11451.262185 
[11451.264691 
[11451.267098 
[11451.269693 
[11451.272205 
[11451.274687 
[11451.277107 
[11451.279680 
[11451.281920 
[11451.284439 
[11451.286925 
[11451.289370 
[11451.291837 
[11451.294520 
[11451.296849 
[11451.299523 
[11451.301881 
[11451.304523 
[11451.306863 
[11451.309537 
[11451.311664 
[11451.314287 
[11451.316703 
[11451.319190 
[11451.321663 
[11451.324258 
[11451.326675 
[11451.329262 
[11451.331806 
[11451.334289 
[11451.336850 
[11451.339252 
[11451.341746 
[11451.343943 
[11451.346530 
[11451.348950 
[11451.351445 
[11451.353957 
[11451.356580 
[11451.358934 
[11451.361549 
[11451.363961 
[11451.366631 
[11451.368961 
[11451.371635 
[11451.373805 
[11451.376352 
[11451.378860 
[11451.381279 
[11451.383874 
[11451.386369 
[11451.388853 
[11451.391308 
[11451.393855 
[11451.396338 
[11451.398846 
[11451.401330 
[11451.403752 
[11451.406212 
[11451.408686 
[11451.411021 
[11451.413578 
[11451.416095 
[11451.420071 
[11451.421610 
[11451.423567 
[11451.425915 
[11451.428661 
[11451.430996 
[11451.433686 
[11451.436026 
[11451.438509 
[11451.440934 
[11451.443504 
[11451.445962 
[11451.448420 
[11451.450700 
[11451.453428 
[11451.455936 
[11451.458422 
[11451.460660 
[11451.463455 
[11451.465959 
[11451.468222 
[11451.470698 
[11451.473231 
[11451.475729 
[11451.478210 
[11451.480677 
[11451.483215 
[11451.488210 
[11451.493204 
[11451.497944 
[11451.502887 
[11451.507936 
[11451.512843 
[11451.517935 
[11451.523189 
[11451.528189 
[11451.532564 
[11451.537614 
[11451.542642 
[11451.547845 
[11451.552877 
[11451.557860 
[11451.561108 
[11451.566345 
[11451.571336 
[11451.577575 
[11451.582567 
[11451.587808 
[11451.592323 
[11451.597293 
[11451.601036 
[11451.606276 
[11451.611022 
[11451.616013 
[11451.621004 
[11451.626004 
[11451.630733 
[11451.635992 
[11451.640966 
[11451.645981 
[11451.650952 
[11451.655694 
[11451.660688 
[11451.665681 
[11451.670677 
[11451.675691 
[11451.680666 
[11451.685423 
[11451.690401 
[11451.695344 
[11451.700394 
[11451.705402 
[11451.710391 
[11451.715389 
[11451.720128 
[11451.725123 
[11451.730112 
[11451.735126 
[11451.740095 
[11451.745115 
[11451.749837 
[11451.754830 
[11451.759823 
[11451.765088 
[11451.770046 
[11451.775041 
[11451.779807 
[11451.784804 
[11451.789767 
[11451.794759 
[11451.799662 
[11451.804746 
[11451.809989 
[11451.814642 
[11451.819732 
[11451.824377 
[11451.829473 
[11451.834704 
[11451.839358 
[11451.844448 
[11451.849343 
[11451.854430 
[11451.859421 
[11451.864319 
[11451.869426 
[11451.874102 
[11451.879407 
[11451.884125 
[11451.889077 
[11451.894362 
[11451.899317 
[11451.904104 
[11451.909107 
[11451.914042 
[11451.919087 
[11451.924025 
[11451.929005 
[11451.933795 
[11451.939000 
[11451.943783 
[11451.948738 
[11451.953709 
[11451.958703 
[11451.963703 
[11451.968704 
[11451.973495 
[11451.978432 
[11451.983435 
[11451.988398 
[11451.993404 
[11451.998363 
[11452.003149 
[11452.006890 
[11452.011889 
[11452.017171 
[11452.022126 
[11452.027158 
[11452.033145 
[11452.038098 
[11452.043048 
[11452.048108 
[11452.051881 
[11452.056863 
[11452.061955 
[11452.066600 
[11452.071558 
[11452.076583 
[11452.081481 
[11452.086575 
[11452.091525 
[11452.096803 
[11452.101537 
[11452.106492 
[11452.111518 
[11452.116476 
[11452.121447 
[11452.126497 
[11452.131186 
[11452.136251 
[11452.141183 
[11452.146234 
[11452.151183 
[11452.156442 
[11452.160904 
[11452.165902 
[11452.170890 
[11452.175940 
[11452.180830 
[11452.185848 
[11452.190610 
[11452.195662 
[11452.200875 
[11452.205829 
[11452.210715 
[11452.215660 
[11452.220630 
[11452.225635 
[11452.230548 
[11452.235576 
[11452.240551 
[11452.245576 
[11452.250444 
[11452.255307 
[11452.260331 
[11452.265331 
[11452.270365 
[11452.275367 
[11452.280375 
[11452.285398 
[11452.290009 
[11452.295015 
[11452.300021 
[11452.305030 
[11452.310036 
[11452.314995 
[11452.319807 
[11452.324791 
[11452.329812 
[11452.334843 
[11452.339847 
[11452.344814 
[11452.349712 
[11452.354682 
[11452.359701 
[11452.364708 
[11452.369736 
[11452.374711 
[11452.379499 
[11452.384432 
[11452.389467 
[11452.394546 
[11452.399479 
[11452.404538 
[11452.409236 
[11452.414203 
[11452.419206 
[11452.424139 
[11452.429271 
[11452.434145 
[11452.438994 
[11452.443966 
[11452.448994 
[11452.454019 
[11452.457808 
[11452.462894 
[11452.467622 
[11452.472614 
[11452.477650 
[11452.482644 
[11452.488892 
[11452.493888 
[11452.497517 
[11452.502486 
[11452.507398 
[11452.512488 
[11452.517404 
[11452.522498 
[11452.527422 
[11452.532135 
[11452.537114 
[11452.542101 
[11452.547110 
[11452.552102 
[11452.557135 
[11452.561912 
[11452.567001 
[11452.572088 
[11452.577023 
[11452.582007 
[11452.587064 
[11452.591780 
[11452.596756 
[11452.601744 
[11452.606871 
[11452.611885 
[11452.616720 
[11452.621559 
[11452.626591 
[11452.631587 
[11452.636615 
[11452.641617 
[11452.646655 
[11452.651393 
[11452.656267 
[11452.661256 
[11452.666308 
[11452.671315 
[11452.676342 
[11452.681184 
[11452.686005 
[11452.691030 
[11452.696064 
[11452.701137 
[11452.706144 
[11452.711149 
[11452.715920 
[11452.720870 
[11452.725986 
[11452.730955 
[11452.735959 
[11452.740937 
[11452.745740 
[11452.750701 
[11452.755766 
[11452.760725 
[11452.765784 
[11452.770702 
[11452.775418 
[11452.780435 
[11452.785421 
[11452.790437 
[11452.795443 
[11452.800454 
[11452.805264 
[11452.809142 
[11452.811490 
[11452.814090 
[11452.816470 
[11452.819067 
[11452.821474 
[11452.824066 
[11452.826498 
[11452.829154 
[11452.831475 
[11452.833863 
[11452.836344 
[11452.838853 
[11452.879296 
[11452.924193 
[11452.929265 
[11452.934267 
[11452.939281 
[11452.943030 
[11452.947930 
[11452.952722 
[11452.958117 
[11452.962919 
[11452.967634 
[11452.972674 
[11452.977656 
[11452.982665 
[11452.987406 
[11452.992600 
[11452.997646 
[11453.002655 
[11453.007631 
[11453.012404 
[11453.017363 
[11453.022355 
[11453.027346 
[11453.032338 
[11453.037328 
[11453.042320 
[11453.047063 
[11453.052056 
[11453.057047 
[11453.062036 
[11453.067278 
[11453.072067 
[11453.076804 
[11453.081799 
[11453.087054 
[11453.092023 
[11453.097017 
[11453.102004 
[11453.106748 
[11453.111737 
[11453.116731 
[11453.121725 
[11453.126737 
[11453.131709 
[11453.136474 
[11453.138447 
[11453.143449 
[11453.148434 
[11453.152420 
[11453.157412 
[11453.163178 
[11453.168150 
[11453.173386 
[11453.178377 
[11453.183367 
[11453.188370 
[11453.191619 
[11453.196875 
[11453.201849 
[11453.206844 
[11453.211829 
[11453.216822 
[11453.221563 
[11453.226827 
[11453.231543 
[11453.236811 
[11453.241780 
[11453.246714 
[11453.251485 
[11453.256507 
[11453.261500 
[11453.266496 
[11453.271378 
[11453.276497 
[11453.281219 
[11453.286225 
[11453.291200 
[11453.296469 
[11453.301189 
[11453.306428 
[11453.310920 
[11453.316167 
[11453.320903 
[11453.325900 
[11453.330890 
[11453.335883 
[11453.340872 
[11453.345879 
[11453.350857 
[11453.355794 
[11453.360592 
[11453.365770 
[11453.370596 
[11453.375566 
[11453.380806 
[11453.385798 
[11453.390788 
[11453.395469 
[11453.400774 
[11453.405510 
[11453.410523 
[11453.415499 
[11453.420442 
[11453.425478 
[11453.430509 
[11453.435220 
[11453.440214 
[11453.445205 
[11453.450101 
[11453.455189 
[11453.460098 
[11453.465172 
[11453.469950 
[11453.475064 
[11453.480175 
[11453.484885 
[11453.489881 
[11453.494616 
[11453.499866 
[11453.504603 
[11453.509846 
[11453.514836 
[11453.519851 
[11453.524570 
[11453.529588 
[11453.534555 
[11453.539549 
[11453.544541 
[11453.549532 
[11453.554274 
[11453.559268 
[11453.564261 
[11453.569253 
[11453.574246 
[11453.579235 
[11453.583980 
[11453.588971 
[11453.593965 
[11453.598954 
[11453.603961 
[11453.607942 
[11453.612943 
[11453.617692 
[11453.622685 
[11453.627674 
[11453.632892 
[11453.639140 
[11453.644133 
[11453.648648 
[11453.652619 
[11453.657611 
[11453.662604 
[11453.667597 
[11453.672584 
[11453.677330 
[11453.682324 
[11453.687344 
[11453.692305 
[11453.697314 
[11453.702287 
[11453.707278 
[11453.712020 
[11453.717268 
[11453.722010 
[11453.727024 
[11453.732245 
[11453.737256 
[11453.741803 
[11453.746882 
[11453.751887 
[11453.756861 
[11453.761902 
[11453.766825 
[11453.771574 
[11453.776575 
[11453.781618 
[11453.786608 
[11453.791625 
[11453.796563 
[11453.801366 
[11453.806298 
[11453.811456 
[11453.816461 
[11453.821338 
[11453.826350 
[11453.831277 
[11453.836227 
[11453.841128 
[11453.846203 
[11453.851133 
[11453.856269 
[11453.861224 
[11453.865985 
[11453.870966 
[11453.875998 
[11453.881000 
[11453.886031 
[11453.890931 
[11453.895725 
[11453.900692 
[11453.905652 
[11453.910744 
[11453.915622 
[11453.920770 
[11453.925460 
[11453.930468 
[11453.935464 
[11453.940522 
[11453.945488 
[11453.950530 
[11453.955413 
[11453.960344 
[11453.965244 
[11453.970288 
[11453.975303 
[11453.980409 
[11453.985064 
[11453.990128 
[11453.995162 
[11454.000138 
[11454.005193 
[11454.010039 
[11454.015137 
[11454.019903 
[11454.023614 
[11454.028610 
[11454.033615 
[11454.039858 
[11454.045011 
[11454.049604 
[11454.054641 
[11454.059599 
[11454.063452 
[11454.068436 
[11454.073469 
[11454.078244 
[11454.083220 
[11454.088256 
[11454.093221 
[11454.098286 
[11454.103286 
[11454.108044 
[11454.113052 
[11454.118022 
[11454.123029 
[11454.128031 
[11454.133051 
[11454.138053 
[11454.142764 
[11454.147769 
[11454.152741 
[11454.157779 
[11454.162748 
[11454.167795 
[11454.172613 
[11454.177589 
[11454.182577 
[11454.187587 
[11454.192597 
[11454.197615 
[11454.202348 
[11454.207366 
[11454.212471 
[11454.217478 
[11454.222454 
[11454.227388 
[11454.232383 
[11454.237163 
[11454.242131 
[11454.247164 
[11454.252141 
[11454.257162 
[11454.262184 
[11454.266910 
[11454.271954 
[11454.276872 
[11454.281925 
[11454.286904 
[11454.291973 
[11454.296760 
[11454.300564 
[11454.303029 
[11454.305568 
[11454.307907 
[11454.310474 
[11454.313065 
[11454.315471 
[11454.317975 
[11454.320488 
[11454.322726 
[11454.325339 
[11454.327797 
[11454.330326 
[11454.332714 
[11454.335354 
[11454.337770 
[11454.340310 
[11454.342805 
[11454.345418 
[11454.347790 
[11454.350405 
[11454.352614 
[11454.355074 
[11454.357623 
[11454.360121 
[11454.362642 
[11454.365140 
[11454.367631 
[11454.370175 
[11454.372662 
[11454.375169 
[11454.377650 
[11454.380074 
[11454.382404 
[11454.384832 
[11454.387420 
[11454.389824 
[11454.392452 
[11454.394835 
[11454.397467 
[11454.399834 
[11454.402450 
[11454.404832 
[11454.408466 
[11454.411450 
[11454.413825 
[11454.415090 
[11454.417640 
[11454.419712 
[11454.422207 
[11454.424701 
[11454.427248 
[11454.429777 
[11454.432312 
[11454.434809 
[11454.437323 
[11454.439763 
[11454.441981 
[11454.444463 
[11454.446974 
[11454.449488 
[11454.451990 
[11454.454516 
[11454.457028 
[11454.459466 
[11454.461962 
[11454.464443 
[11454.466952 
[11454.469469 
[11454.471719 
[11454.474213 
[11454.476750 
[11454.479248 
[11454.481698 
[11454.484451 
[11454.487926 
[11454.493223 
[11454.497914 
[11454.502712 
[11454.507945 
[11454.512941 
[11454.517938 
[11454.522687 
[11454.527920 
[11454.532653 
[11454.537667 
[11454.542639 
[11454.547648 
[11454.552624 
[11454.557612 
[11454.562354 
[11454.567347 
[11454.572342 
[11454.577368 
[11454.582334 
[11454.587350 
[11454.592571 
[11454.597085 
[11454.602301 
[11454.607288 
[11454.612293 
[11454.617277 
[11454.622272 
[11454.627010 
[11454.630776 
[11454.635999 
[11454.640991 
[11454.645733 
[11454.650914 
[11454.656965 
[11454.661958 
[11454.666700 
[11454.670645 
[11454.675625 
[11454.680627 
[11454.685421 
[11454.690160 
[11454.695339 
[11454.700143 
[11454.705322 
[11454.710312 
[11454.715372 
[11454.720048 
[11454.725345 
[11454.730037 
[11454.735330 
[11454.740329 
[11454.745316 
[11454.750058 
[11454.755051 
[11454.760041 
[11454.765033 
[11454.769974 
[11454.775018 
[11454.779763 
[11454.784754 
[11454.789745 
[11454.794738 
[11454.799727 
[11454.805000 
[11454.809714 
[11454.814479 
[11454.819449 
[11454.824441 
[11454.829431 
[11454.834677 
[11454.839419 
[11454.844449 
[11454.849412 
[11454.854416 
[11454.859387 
[11454.864401 
[11454.869373 
[11454.874116 
[11454.879109 
[11454.884097 
[11454.889091 
[11454.894345 
[11454.899319 
[11454.903785 
[11454.908808 
[11454.913821 
[11454.919035 
[11454.924027 
[11454.929017 
[11454.934009 
[11454.938775 
[11454.943656 
[11454.948737 
[11454.953641 
[11454.958721 
[11454.963750 
[11454.968371 
[11454.973452 
[11454.978354 
[11454.983686 
[11454.988457 
[11454.993579 
[11454.998412 
[11455.003115 
[11455.008144 
[11455.013383 
[11455.018288 
[11455.023373 
[11455.028307 
[11455.033018 
[11455.038070 
[11455.043013 
[11455.046792 
[11455.052997 
[11455.058026 
[11455.062766 
[11455.067723 
[11455.072753 
[11455.077723 
[11455.082736 
[11455.087742 
[11455.091474 
[11455.096465 
[11455.101206 
[11455.106198 
[11455.111437 
[11455.116341 
[11455.121480 
[11455.126166 
[11455.131176 
[11455.136209 
[11455.141144 
[11455.146171 
[11455.151325 
[11455.155909 
[11455.160923 
[11455.165855 
[11455.170908 
[11455.176036 
[11455.181140 
[11455.185799 
[11455.190763 
[11455.195847 
[11455.200708 
[11455.205726 
[11455.210650 
[11455.215575 
[11455.220524 
[11455.225535 
[11455.230568 
[11455.235539 
[11455.240572 
[11455.245475 
[11455.250357 
[11455.255351 
[11455.260364 
[11455.265330 
[11455.270364 
[11455.275383 
[11455.280094 
[11455.285063 
[11455.290106 
[11455.295097 
[11455.300117 
[11455.305138 
[11455.309919 
[11455.314815 
[11455.319798 
[11455.324808 
[11455.329848 
[11455.334782 
[11455.339733 
[11455.344595 
[11455.349621 
[11455.354604 
[11455.359711 
[11455.364658 
[11455.369664 
[11455.374357 
[11455.379481 
[11455.384410 
[11455.389496 
[11455.394565 
[11455.399500 
[11455.404249 
[11455.409308 
[11455.414235 
[11455.419232 
[11455.424226 
[11455.429235 
[11455.433953 
[11455.438922 
[11455.443888 
[11455.448970 
[11455.453974 
[11455.458979 
[11455.463995 
[11455.468738 
[11455.473809 
[11455.478750 
[11455.483848 
[11455.488852 
[11455.493849 
[11455.497267 
[11455.502279 
[11455.507277 
[11455.512408 
[11455.518609 
[11455.523666 
[11455.528320 
[11455.533342 
[11455.537020 
[11455.542075 
[11455.547030 
[11455.552079 
[11455.557082 
[11455.561918 
[11455.566871 
[11455.571946 
[11455.576914 
[11455.581966 
[11455.586916 
[11455.591738 
[11455.596615 
[11455.601749 
[11455.606632 
[11455.611774 
[11455.616634 
[11455.621806 
[11455.626463 
[11455.631413 
[11455.636476 
[11455.641517 
[11455.646523 
[11455.651523 
[11455.656275 
[11455.661191 
[11455.666177 
[11455.671221 
[11455.676189 
[11455.681315 
[11455.686213 
[11455.691009 
[11455.696064 
[11455.701072 
[11455.706038 
[11455.711046 
[11455.716047 
[11455.720716 
[11455.725728 
[11455.730772 
[11455.735855 
[11455.740737 
[11455.745830 
[11455.750582 
[11455.755645 
[11455.760522 
[11455.765634 
[11455.770517 
[11455.775606 
[11455.780492 
[11455.785365 
[11455.790310 
[11455.795324 
[11455.800398 
[11455.805358 
[11455.810344 
[11455.815202 
[11455.820084 
[11455.825199 
[11455.830122 
[11455.835208 
[11455.840134 
[11455.845195 
[11455.849855 
[11455.854961 
[11455.897227 
[11456.044218 
[11456.049298 
[11456.054269 
[11456.059307 
[11456.064228 
[11456.069232 
[11456.074001 
[11456.079026 
[11456.084626 
[11456.089063 
[11456.093797 
[11456.099039 
[11456.103926 
[11456.108879 
[11456.113909 
[11456.118877 
[11456.123883 
[11456.128912 
[11456.133886 
[11456.138608 
[11456.143619 
[11456.148580 
[11456.153570 
[11456.158596 
[11456.163552 
[11456.168331 
[11456.173322 
[11456.178277 
[11456.183307 
[11456.188562 
[11456.193525 
[11456.198302 
[11456.203262 
[11456.208258 
[11456.213161 
[11456.218235 
[11456.223229 
[11456.227970 
[11456.232914 
[11456.237867 
[11456.242942 
[11456.248016 
[11456.252928 
[11456.257921 
[11456.262581 
[11456.267655 
[11456.272664 
[11456.277637 
[11456.282880 
[11456.287870 
[11456.292628 
[11456.297603 
[11456.302571 
[11456.307589 
[11456.312582 
[11456.317577 
[11456.322361 
[11456.327334 
[11456.332347 
[11456.337323 
[11456.342316 
[11456.347306 
[11456.352300 
[11456.355815 
[11456.360790 
[11456.365804 
[11456.370776 
[11456.375768 
[11456.380761 
[11456.385502 
[11456.391747 
[11456.395509 
[11456.400748 
[11456.405497 
[11456.410729 
[11456.415422 
[11456.420467 
[11456.425460 
[11456.430453 
[11456.435443 
[11456.440413 
[11456.445183 
[11456.450172 
[11456.455163 
[11456.460135 
[11456.465101 
[11456.470124 
[11456.475118 
[11456.479886 
[11456.485032 
[11456.490092 
[11456.495084 
[11456.500076 
[11456.505093 
[11456.509808 
[11456.514820 
[11456.519793 
[11456.524784 
[11456.530042 
[11456.535027 
[11456.539530 
[11456.544762 
[11456.549501 
[11456.554745 
[11456.559445 
[11456.564756 
[11456.569725 
[11456.574471 
[11456.579461 
[11456.584418 
[11456.589465 
[11456.594438 
[11456.599447 
[11456.604171 
[11456.609128 
[11456.614157 
[11456.619391 
[11456.624084 
[11456.629080 
[11456.633843 
[11456.638887 
[11456.644100 
[11456.649078 
[11456.654081 
[11456.659074 
[11456.663754 
[11456.668807 
[11456.673799 
[11456.678813 
[11456.683781 
[11456.688792 
[11456.693773 
[11456.698780 
[11456.704009 
[11456.708494 
[11456.713743 
[11456.718400 
[11456.723414 
[11456.728461 
[11456.733418 
[11456.738469 
[11456.743438 
[11456.748386 
[11456.753424 
[11456.758379 
[11456.763408 
[11456.766899 
[11456.771929 
[11456.778128 
[11456.783088 
[11456.788114 
[11456.793105 
[11456.797814 
[11456.801591 
[11456.806585 
[11456.811575 
[11456.816566 
[11456.821525 
[11456.826795 
[11456.831258 
[11456.836230 
[11456.841245 
[11456.846418 
[11456.851480 
[11456.856469 
[11456.861178 
[11456.866202 
[11456.871213 
[11456.876169 
[11456.881264 
[11456.886204 
[11456.891066 
[11456.896012 
[11456.900995 
[11456.906154 
[11456.911031 
[11456.916108 
[11456.921027 
[11456.925859 
[11456.930753 
[11456.935837 
[11456.940760 
[11456.945836 
[11456.950765 
[11456.955591 
[11456.960530 
[11456.965545 
[11456.970493 
[11456.975587 
[11456.980512 
[11456.985594 
[11456.990303 
[11456.995339 
[11457.000309 
[11457.005388 
[11457.010314 
[11457.015453 
[11457.020129 
[11457.025097 
[11457.030141 
[11457.035131 
[11457.040280 
[11457.045078 
[11457.049958 
[11457.054974 
[11457.059843 
[11457.064965 
[11457.069865 
[11457.074993 
[11457.079901 
[11457.084641 
[11457.089728 
[11457.094694 
[11457.099681 
[11457.104709 
[11457.109706 
[11457.114604 
[11457.119399 
[11457.124400 
[11457.129455 
[11457.134492 
[11457.139564 
[11457.144479 
[11457.149282 
[11457.154179 
[11457.159317 
[11457.164226 
[11457.169321 
[11457.174361 
[11457.179309 
[11457.183993 
[11457.189080 
[11457.194000 
[11457.199038 
[11457.204022 
[11457.209020 
[11457.213838 
[11457.218830 
[11457.222561 
[11457.227501 
[11457.232490 
[11457.237576 
[11457.242646 
[11457.248620 
[11457.253596 
[11457.258607 
[11457.262427 
[11457.267374 
[11457.272452 
[11457.277055 
[11457.282099 
[11457.287093 
[11457.292103 
[11457.297106 
[11457.302147 
[11457.307116 
[11457.311800 
[11457.316805 
[11457.321814 
[11457.326867 
[11457.331866 
[11457.336825 
[11457.341743 
[11457.346709 
[11457.351588 
[11457.356619 
[11457.361703 
[11457.366711 
[11457.371591 
[11457.376410 
[11457.381495 
[11457.386497 
[11457.391504 
[11457.396492 
[11457.401497 
[11457.406289 
[11457.411271 
[11457.416228 
[11457.421211 
[11457.424959 
[11457.427523 
[11457.429953 
[11457.432571 
[11457.434915 
[11457.437281 
[11457.439618 
[11457.442354 
[11457.444738 
[11457.447250 
[11457.449836 
[11457.452237 
[11457.454815 
[11457.457255 
[11457.459679 
[11457.462163 
[11457.464809 
[11457.467277 
[11457.469585 
[11457.471997 
[11457.474507 
[11457.477004 
[11457.479568 
[11457.481938 
[11457.484622 
[11457.487010 
[11457.489618 
[11457.492018 
[11457.494574 
[11457.497037 
[11457.499603 
[11457.501878 
[11457.504374 
[11457.506774 
[11457.509361 
[11457.511756 
[11457.514343 
[11457.516868 
[11457.519319 
[11457.521841 
[11457.524351 
[11457.526755 
[11457.529345 
[11457.533916 
[11457.536300 
[11457.537333 
[11457.539821 
[11457.541716 
[11457.544016 
[11457.546562 
[11457.549074 
[11457.551484 
[11457.552481 
[11457.554986 
[11457.557518 
[11457.560054 
[11457.562470 
[11457.565049 
[11457.567457 
[11457.569973 
[11457.572190 
[11457.574770 
[11457.577498 
[11457.579776 
[11457.582285 
[11457.585055 
[11457.587549 
[11457.590027 
[11457.592534 
[11457.595033 
[11457.597278 
[11457.600030 
[11457.602272 
[11457.604516 
[11457.607266 
[11457.609758 
[11457.612010 
[11457.614756 
[11457.617256 
[11457.619750 
[11457.622259 
[11457.624743 
[11457.627239 
[11457.629746 
[11457.632194 
[11457.636967 
[11457.643212 
[11457.648204 
[11457.653196 
[11457.656952 
[11457.661932 
[11457.666926 
[11457.671918 
[11457.676908 
[11457.681651 
[11457.686643 
[11457.691635 
[11457.696628 
[11457.701369 
[11457.706381 
[11457.711541 
[11457.716554 
[11457.721524 
[11457.726570 
[11457.731258 
[11457.736250 
[11457.741241 
[11457.746241 
[11457.751282 
[11457.756298 
[11457.761262 
[11457.766273 
[11457.771249 
[11457.776242 
[11457.781236 
[11457.786225 
[11457.791216 
[11457.795957 
[11457.800950 
[11457.805967 
[11457.810933 
[11457.815948 
[11457.820920 
[11457.825668 
[11457.830651 
[11457.835647 
[11457.840640 
[11457.845628 
[11457.850875 
[11457.855620 
[11457.860610 
[11457.865625 
[11457.870593 
[11457.875336 
[11457.880579 
[11457.885319 
[11457.890333 
[11457.895328 
[11457.900296 
[11457.905217 
[11457.910218 
[11457.915197 
[11457.920016 
[11457.924972 
[11457.930239 
[11457.935232 
[11457.940244 
[11457.945219 
[11457.950219 
[11457.954902 
[11457.959940 
[11457.964934 
[11457.969925 
[11457.974917 
[11457.979936 
[11457.984654 
[11457.989664 
[11457.994636 
[11457.999651 
[11458.004621 
[11458.009615 
[11458.014604 
[11458.019346 
[11458.024338 
[11458.029602 
[11458.034322 
[11458.039493 
[11458.044263 
[11458.049115 
[11458.054298 
[11458.059292 
[11458.063056 
[11458.069273 
[11458.073039 
[11458.077642 
[11458.082772 
[11458.087696 
[11458.092736 
[11458.098981 
[11458.103965 
[11458.107659 
[11458.112447 
[11458.117441 
[11458.122433 
[11458.127435 
[11458.132415 
[11458.137656 
[11458.142340 
[11458.147334 
[11458.152326 
[11458.157320 
[11458.162362 
[11458.167357 
[11458.172046 
[11458.177051 
[11458.182083 
[11458.187074 
[11458.192067 
[11458.197308 
[11458.201748 
[11458.206721 
[11458.211788 
[11458.216802 
[11458.221769 
[11458.227016 
[11458.231924 
[11458.236747 
[11458.241737 
[11458.246655 
[11458.251722 
[11458.256702 
[11458.261708 
[11458.266465 
[11458.271351 
[11458.276685 
[11458.281639 
[11458.286418 
[11458.291659 
[11458.296112 
[11458.301084 
[11458.306151 
[11458.311375 
[11458.316398 
[11458.321366 
[11458.326368 
[11458.330861 
[11458.335973 
[11458.340886 
[11458.345916 
[11458.350895 
[11458.355913 
[11458.360808 
[11458.365769 
[11458.370782 
[11458.375742 
[11458.380699 
[11458.385791 
[11458.390526 
[11458.395547 
[11458.400525 
[11458.405575 
[11458.410525 
[11458.415589 
[11458.420357 
[11458.425380 
[11458.430333 
[11458.435303 
[11458.440386 
[11458.445359 
[11458.450126 
[11458.455072 
[11458.460018 
[11458.465065 
[11458.468901 
[11458.475128 
[11458.480160 
[11458.484881 
[11458.489928 
[11458.494941 
[11458.500004 
[11458.504961 
[11458.508669 
[11458.513497 
[11458.518439 
[11458.523461 
[11458.528454 
[11458.533472 
[11458.538491 
[11458.543492 
[11458.549526 
[11458.553232 
[11458.558226 
[11458.563163 
[11458.568174 
[11458.573175 
[11458.578011 
[11458.582956 
[11458.588037 
[11458.592964 
[11458.598062 
[11458.602979 
[11458.607841 
[11458.612718 
[11458.617822 
[11458.622751 
[11458.627833 
[11458.632856 
[11458.637618 
[11458.642512 
[11458.647632 
[11458.652633 
[11458.657586 
[11458.662641 
[11458.667540 
[11458.672340 
[11458.677298 
[11458.682379 
[11458.687311 
[11458.692401 
[11458.697319 
[11458.702202 
[11458.707102 
[11458.712175 
[11458.717193 
[11458.722168 
[11458.727126 
[11458.731942 
[11458.736934 
[11458.741949 
[11458.747018 
[11458.751989 
[11458.757035 
[11458.761877 
[11458.766791 
[11458.771688 
[11458.776777 
[11458.781656 
[11458.786785 
[11458.791666 
[11458.796476 
[11458.801472 
[11458.806457 
[11458.811463 
[11458.816554 
[11458.821567 
[11458.826496 
[11458.831242 
[11458.836373 
[11458.841325 
[11458.846256 
[11458.851395 
[11458.856232 
[11458.861148 
[11458.866041 
[11458.871165 
[11458.876059 
[11458.881061 
[11458.886134 
[11458.890910 
[11458.895823 
[11458.900844 
[11458.905902 
[11458.910874 
[11458.914596 
[11458.919337 
[11458.925673 
[11458.930573 
[11458.935681 
[11458.940660 
[11458.945711 
[11458.950734 
[11458.955470 
[11458.959246 
[11459.001330 
[11459.185612 
[11459.188135 
[11459.190672 
[11459.192866 
[11459.195372 
[11459.197825 
[11459.200263 
[11459.202776 
[11459.205373 
[11459.207805 
[11459.210260 
[11459.212794 
[11459.215462 
[11459.218885 
[11459.220325 
[11459.223285 
[11459.227641 
[11459.232632 
[11459.237619 
[11459.242655 
[11459.247682 
[11459.252595 
[11459.257359 
[11459.262322 
[11459.267337 
[11459.272372 
[11459.277365 
[11459.282358 
[11459.287099 
[11459.292089 
[11459.297084 
[11459.302075 
[11459.307081 
[11459.312058 
[11459.317316 
[11459.322043 
[11459.327034 
[11459.332028 
[11459.337025 
[11459.342018 
[11459.347011 
[11459.351682 
[11459.356714 
[11459.361738 
[11459.366742 
[11459.371723 
[11459.376716 
[11459.381456 
[11459.386412 
[11459.391454 
[11459.396434 
[11459.401426 
[11459.406421 
[11459.411163 
[11459.416406 
[11459.421399 
[11459.426393 
[11459.431384 
[11459.436376 
[11459.441382 
[11459.446115 
[11459.451119 
[11459.456095 
[11459.461088 
[11459.466080 
[11459.471072 
[11459.475814 
[11459.480816 
[11459.485799 
[11459.490807 
[11459.496032 
[11459.501042 
[11459.506015 
[11459.510510 
[11459.514266 
[11459.519492 
[11459.524495 
[11459.529478 
[11459.534485 
[11459.538969 
[11459.545452 
[11459.550459 
[11459.554189 
[11459.559185 
[11459.564176 
[11459.569168 
[11459.573927 
[11459.578901 
[11459.584094 
[11459.588887 
[11459.594056 
[11459.599120 
[11459.603859 
[11459.608529 
[11459.613844 
[11459.618801 
[11459.623582 
[11459.628574 
[11459.633752 
[11459.638563 
[11459.643515 
[11459.648589 
[11459.653592 
[11459.658554 
[11459.663570 
[11459.668270 
[11459.673305 
[11459.678295 
[11459.683248 
[11459.688281 
[11459.693235 
[11459.698264 
[11459.703008 
[11459.707986 
[11459.712993 
[11459.718254 
[11459.723222 
[11459.728215 
[11459.732967 
[11459.737901 
[11459.742839 
[11459.747954 
[11459.752928 
[11459.757943 
[11459.762616 
[11459.767568 
[11459.772651 
[11459.777651 
[11459.782638 
[11459.787876 
[11459.792516 
[11459.797328 
[11459.802355 
[11459.807620 
[11459.812542 
[11459.817566 
[11459.822524 
[11459.827318 
[11459.832259 
[11459.837303 
[11459.842222 
[11459.847267 
[11459.852291 
[11459.857181 
[11459.862014 
[11459.867008 
[11459.872004 
[11459.876996 
[11459.881949 
[11459.886981 
[11459.891700 
[11459.896965 
[11459.901960 
[11459.906664 
[11459.911695 
[11459.916886 
[11459.921677 
[11459.926417 
[11459.930347 
[11459.935364 
[11459.941377 
[11459.946578 
[11459.951627 
[11459.956312 
[11459.961303 
[11459.966241 
[11459.970340 
[11459.975353 
[11459.980323 
[11459.985080 
[11459.990060 
[11459.995052 
[11460.000010 
[11460.004917 
[11460.009987 
[11460.014929 
[11460.019617 
[11460.024614 
[11460.029576 
[11460.034713 
[11460.039695 
[11460.044663 
[11460.049456 
[11460.054498 
[11460.059536 
[11460.064469 
[11460.069490 
[11460.074506 
[11460.079234 
[11460.084305 
[11460.089261 
[11460.094380 
[11460.099383 
[11460.104393 
[11460.109159 
[11460.114090 
[11460.119037 
[11460.124039 
[11460.129054 
[11460.134110 
[11460.139049 
[11460.143802 
[11460.148814 
[11460.153773 
[11460.158801 
[11460.163782 
[11460.168788 
[11460.173632 
[11460.178653 
[11460.183663 
[11460.188605 
[11460.193738 
[11460.198621 
[11460.203521 
[11460.208480 
[11460.213503 
[11460.218475 
[11460.223513 
[11460.228484 
[11460.233536 
[11460.238299 
[11460.243279 
[11460.248317 
[11460.253292 
[11460.258354 
[11460.263300 
[11460.267966 
[11460.272973 
[11460.277962 
[11460.282978 
[11460.287911 
[11460.292994 
[11460.297737 
[11460.302720 
[11460.307874 
[11460.312730 
[11460.317833 
[11460.322747 
[11460.327829 
[11460.332498 
[11460.337647 
[11460.342506 
[11460.347602 
[11460.352522 
[11460.357741 
[11460.362365 
[11460.367427 
[11460.372411 
[11460.377379 
[11460.382429 
[11460.386140 
[11460.391152 
[11460.395749 
[11460.400924 
[11460.405941 
[11460.410952 
[11460.417101 
[11460.422160 
[11460.426927 
[11460.430682 
[11460.435732 
[11460.440652 
[11460.445675 
[11460.450853 
[11460.455761 
[11460.460479 
[11460.465395 
[11460.470382 
[11460.475523 
[11460.480374 
[11460.485538 
[11460.490168 
[11460.495230 
[11460.500214 
[11460.505195 
[11460.510220 
[11460.512665 
[11460.515209 
[11460.517806 
[11460.519871 
[11460.522488 
[11460.525062 
[11460.527575 
[11460.529964 
[11460.532473 
[11460.534944 
[11460.537588 
[11460.540060 
[11460.542460 
[11460.544958 
[11460.547600 
[11460.550012 
[11460.552284 
[11460.554839 
[11460.557310 
[11460.559883 
[11460.562274 
[11460.564766 
[11460.567314 
[11460.569853 
[11460.572265 
[11460.574753 
[11460.577288 
[11460.579771 
[11460.582078 
[11460.584644 
[11460.587017 
[11460.589652 
[11460.592151 
[11460.594672 
[11460.597030 
[11460.599669 
[11460.602137 
[11460.604726 
[11460.607056 
[11460.609712 
[11460.612147 
[11460.614318 
[11460.616920 
[11460.619325 
[11460.621910 
[11460.624327 
[11460.626832 
[11460.629287 
[11460.631949 
[11460.634355 
[11460.636837 
[11460.639334 
[11460.641972 
[11460.647143 
[11460.647171 
[11460.649415 
[11460.652219 
[11460.654096 
[11460.656592 
[11460.659089 
[11460.661586 
[11460.664083 
[11460.666600 
[11460.669109 
[11460.671611 
[11460.674092 
[11460.676338 
[11460.678834 
[11460.681332 
[11460.683897 
[11460.686355 
[11460.689135 
[11460.691400 
[11460.693907 
[11460.696403 
[11460.699151 
[11460.701399 
[11460.703896 
[11460.706350 
[11460.708887 
[11460.711382 
[11460.713876 
[11460.716339 
[11460.718870 
[11460.721368 
[11460.723614 
[11460.726323 
[11460.728857 
[11460.731354 
[11460.733845 
[11460.736304 
[11460.738837 
[11460.741080 
[11460.743326 
[11460.746036 
[11460.748585 
[11460.752313 
[11460.757223 
[11460.762301 
[11460.767300 
[11460.772037 
[11460.777028 
[11460.782033 
[11460.787056 
[11460.792020 
[11460.797050 
[11460.802039 
[11460.806771 
[11460.811762 
[11460.816710 
[11460.821991 
[11460.826982 
[11460.831999 
[11460.836480 
[11460.841632 
[11460.846655 
[11460.851663 
[11460.856675 
[11460.861675 
[11460.866671 
[11460.871414 
[11460.876407 
[11460.881394 
[11460.886387 
[11460.891381 
[11460.896372 
[11460.901132 
[11460.906355 
[11460.911096 
[11460.916337 
[11460.921334 
[11460.926326 
[11460.931063 
[11460.936059 
[11460.941059 
[11460.946041 
[11460.951066 
[11460.956024 
[11460.961019 
[11460.964512 
[11460.969466 
[11460.974496 
[11460.979450 
[11460.984504 
[11460.989433 
[11460.994462 
[11461.000378 
[11461.004197 
[11461.009208 
[11461.014178 
[11461.019354 
[11461.024409 
[11461.028905 
[11461.033894 
[11461.038888 
[11461.044124 
[11461.049051 
[11461.054069 
[11461.059075 
[11461.063556 
[11461.068732 
[11461.073784 
[11461.078782 
[11461.083769 
[11461.089010 
[11461.093504 
[11461.098758 
[11461.103488 
[11461.108491 
[11461.113471 
[11461.118729 
[11461.123455 
[11461.128447 
[11461.133440 
[11461.138433 
[11461.143424 
[11461.148418 
[11461.153410 
[11461.158160 
[11461.163144 
[11461.168153 
[11461.173307 
[11461.178124 
[11461.183362 
[11461.187858 
[11461.192866 
[11461.197841 
[11461.202835 
[11461.207826 
[11461.212820 
[11461.217832 
[11461.222809 
[11461.227545 
[11461.232803 
[11461.237783 
[11461.242731 
[11461.247757 
[11461.252514 
[11461.257492 
[11461.262237 
[11461.267476 
[11461.272508 
[11461.277751 
[11461.282203 
[11461.287174 
[11461.292494 
[11461.297469 
[11461.302477 
[11461.307454 
[11461.312445 
[11461.317187 
[11461.322179 
[11461.327169 
[11461.332180 
[11461.337153 
[11461.342328 
[11461.346890 
[11461.351902 
[11461.356871 
[11461.361863 
[11461.366866 
[11461.371851 
[11461.376843 
[11461.380334 
[11461.385606 
[11461.391839 
[11461.396811 
[11461.401826 
[11461.406539 
[11461.411537 
[11461.416477 
[11461.420269 
[11461.425288 
[11461.430256 
[11461.435334 
[11461.439977 
[11461.444983 
[11461.449985 
[11461.455007 
[11461.459997 
[11461.464964 
[11461.469795 
[11461.474795 
[11461.479767 
[11461.484827 
[11461.489811 
[11461.494911 
[11461.499622 
[11461.504635 
[11461.509611 
[11461.514674 
[11461.519562 
[11461.524685 
[11461.529582 
[11461.534449 
[11461.539369 
[11461.544377 
[11461.549340 
[11461.554428 
[11461.559430 
[11461.564188 
[11461.569128 
[11461.574139 
[11461.579130 
[11461.584122 
[11461.589138 
[11461.593913 
[11461.598973 
[11461.603922 
[11461.609040 
[11461.613929 
[11461.619070 
[11461.623740 
[11461.628789 
[11461.633712 
[11461.638802 
[11461.643811 
[11461.648771 
[11461.653470 
[11461.658567 
[11461.663524 
[11461.668440 
[11461.673639 
[11461.678463 
[11461.683595 
[11461.688248 
[11461.693256 
[11461.698262 
[11461.703247 
[11461.708269 
[11461.713257 
[11461.718031 
[11461.723089 
[11461.728132 
[11461.733045 
[11461.738034 
[11461.743048 
[11461.747897 
[11461.752869 
[11461.757930 
[11461.762832 
[11461.767942 
[11461.772807 
[11461.777681 
[11461.782711 
[11461.787687 
[11461.792713 
[11461.797722 
[11461.802633 
[11461.807505 
[11461.812425 
[11461.817415 
[11461.822434 
[11461.827369 
[11461.831361 
[11461.836280 
[11461.841040 
[11461.846041 
[11461.850967 
[11461.856141 
[11461.862334 
[11461.867321 
[11461.870775 
[11461.875845 
[11461.880797 
[11461.885876 
[11461.890797 
[11461.895883 
[11461.900516 
[11461.905573 
[11461.910501 
[11461.915576 
[11461.920542 
[11461.925688 
[11461.930359 
[11461.935481 
[11461.940394 
[11461.945419 
[11461.950354 
[11461.955516 
[11461.960157 
[11461.965293 
[11461.970258 
[11461.975336 
[11461.980350 
[11461.985370 
[11461.990353 
[11461.994932 
[11462.000035 
[11462.004976 
[11462.010005 
[11462.014913 
[11462.020049 
[11462.024685 
[11462.029699 
[11462.034696 
[11462.039700 
[11462.044734 
[11462.049709 
[11462.054526 
[11462.059510 
[11462.064548 
[11462.106522 
[11462.315401 
[11462.317942 
[11462.320488 
[11462.323022 
[11462.325156 
[11462.327742 
[11462.330202 
[11462.332709 
[11462.335157 
[11462.337708 
[11462.340252 
[11462.342744 
[11462.345179 
[11462.347744 
[11462.351252 
[11462.352913 
[11462.356194 
[11462.361126 
[11462.366150 
[11462.371112 
[11462.377612 
[11462.382589 
[11462.387345 
[11462.392353 
[11462.397412 
[11462.401152 
[11462.406147 
[11462.410817 
[11462.415845 
[11462.420837 
[11462.425867 
[11462.430825 
[11462.435868 
[11462.440807 
[11462.445835 
[11462.450541 
[11462.455570 
[11462.460539 
[11462.465515 
[11462.470790 
[11462.474749 
[11462.479777 
[11462.485056 
[11462.489796 
[11462.494796 
[11462.499959 
[11462.504780 
[11462.509789 
[11462.514728 
[11462.519784 
[11462.524713 
[11462.529742 
[11462.534482 
[11462.539687 
[11462.544468 
[11462.549459 
[11462.554450 
[11462.559461 
[11462.564145 
[11462.569195 
[11462.574166 
[11462.579156 
[11462.584147 
[11462.589276 
[11462.594094 
[11462.597896 
[11462.602839 
[11462.607878 
[11462.614115 
[11462.619116 
[11462.624085 
[11462.628842 
[11462.634067 
[11462.637808 
[11462.642765 
[11462.647791 
[11462.652809 
[11462.657437 
[11462.662519 
[11462.667477 
[11462.672507 
[11462.677503 
[11462.682394 
[11462.687233 
[11462.692190 
[11462.697218 
[11462.702257 
[11462.707110 
[11462.712447 
[11462.717142 
[11462.722178 
[11462.727194 
[11462.732121 
[11462.737153 
[11462.742104 
[11462.746883 
[11462.751875 
[11462.756831 
[11462.761859 
[11462.766834 
[11462.771842 
[11462.776787 
[11462.781539 
[11462.786590 
[11462.791522 
[11462.796551 
[11462.801788 
[11462.806777 
[11462.811276 
[11462.816231 
[11462.821261 
[11462.826467 
[11462.831489 
[11462.836503 
[11462.841172 
[11462.846222 
[11462.851135 
[11462.856177 
[11462.861194 
[11462.866097 
[11462.870927 
[11462.875920 
[11462.881162 
[11462.886171 
[11462.891054 
[11462.896102 
[11462.900881 
[11462.905779 
[11462.910787 
[11462.915821 
[11462.920813 
[11462.925841 
[11462.930802 
[11462.935577 
[11462.940532 
[11462.945561 
[11462.950557 
[11462.955511 
[11462.960562 
[11462.965238 
[11462.970522 
[11462.975513 
[11462.980220 
[11462.985258 
[11462.990204 
[11462.995233 
[11463.000249 
[11463.005159 
[11463.010157 
[11463.015145 
[11463.020138 
[11463.024934 
[11463.029946 
[11463.034862 
[11463.039800 
[11463.045143 
[11463.050159 
[11463.055037 
[11463.058322 
[11463.063310 
[11463.068319 
[11463.073296 
[11463.078342 
[11463.084830 
[11463.089536 
[11463.094562 
[11463.098305 
[11463.103322 
[11463.108288 
[11463.113279 
[11463.118022 
[11463.122986 
[11463.128258 
[11463.133073 
[11463.138084 
[11463.143092 
[11463.148167 
[11463.152802 
[11463.157776 
[11463.162827 
[11463.167791 
[11463.172844 
[11463.177818 
[11463.182627 
[11463.187627 
[11463.192632 
[11463.197640 
[11463.202684 
[11463.207675 
[11463.212372 
[11463.217557 
[11463.222513 
[11463.227534 
[11463.232359 
[11463.237162 
[11463.242276 
[11463.247284 
[11463.252175 
[11463.257365 
[11463.262192 
[11463.266896 
[11463.271973 
[11463.276995 
[11463.281974 
[11463.286983 
[11463.291958 
[11463.296971 
[11463.301843 
[11463.306848 
[11463.311882 
[11463.316759 
[11463.321736 
[11463.326897 
[11463.331631 
[11463.336684 
[11463.341634 
[11463.346598 
[11463.351675 
[11463.356648 
[11463.361595 
[11463.366344 
[11463.371273 
[11463.376305 
[11463.381266 
[11463.386279 
[11463.391319 
[11463.395991 
[11463.401084 
[11463.406053 
[11463.411076 
[11463.416066 
[11463.421144 
[11463.425897 
[11463.430961 
[11463.435899 
[11463.441000 
[11463.445884 
[11463.450978 
[11463.455930 
[11463.460854 
[11463.465627 
[11463.470649 
[11463.475683 
[11463.480776 
[11463.485794 
[11463.490532 
[11463.495534 
[11463.499236 
[11463.504187 
[11463.509223 
[11463.514181 
[11463.519217 
[11463.524025 
[11463.528997 
[11463.534096 
[11463.539083 
[11463.544127 
[11463.549084 
[11463.553872 
[11463.558853 
[11463.563774 
[11463.568891 
[11463.573901 
[11463.578870 
[11463.583644 
[11463.588627 
[11463.593692 
[11463.598634 
[11463.603671 
[11463.606101 
[11463.608644 
[11463.611221 
[11463.613560 
[11463.615937 
[11463.618370 
[11463.620874 
[11463.623374 
[11463.625862 
[11463.628421 
[11463.630981 
[11463.633335 
[11463.635988 
[11463.638447 
[11463.640898 
[11463.643395 
[11463.645976 
[11463.648192 
[11463.650708 
[11463.653141 
[11463.655652 
[11463.658199 
[11463.660727 
[11463.663157 
[11463.665706 
[11463.668246 
[11463.670730 
[11463.673293 
[11463.675787 
[11463.678020 
[11463.680392 
[11463.683040 
[11463.685563 
[11463.687979 
[11463.690481 
[11463.693045 
[11463.695503 
[11463.697998 
[11463.700460 
[11463.703051 
[11463.705580 
[11463.707998 
[11463.710237 
[11463.712791 
[11463.715257 
[11463.717803 
[11463.720120 
[11463.722879 
[11463.725228 
[11463.727860 
[11463.730164 
[11463.732899 
[11463.735275 
[11463.737992 
[11463.740386 
[11463.743126 
[11463.745500 
[11463.748100 
[11463.750492 
[11463.752962 
[11463.755631 
[11463.758038 
[11463.760462 
[11463.762871 
[11463.765274 
[11463.767870 
[11463.770346 
[11463.772804 
[11463.775364 
[11463.777902 
[11463.780383 
[11463.782834 
[11463.785323 
[11463.787769 
[11463.790257 
[11463.792520 
[11463.795049 
[11463.797574 
[11463.800019 
[11463.802591 
[11463.805046 
[11463.807599 
[11463.810100 
[11463.812591 
[11463.815293 
[11463.817832 
[11463.820342 
[11463.822327 
[11463.825030 
[11463.827336 
[11463.830004 
[11463.832311 
[11463.834809 
[11463.837525 
[11463.840043 
[11463.842540 
[11463.845035 
[11463.847537 
[11463.850027 
[11463.852218 
[11463.854715 
[11463.857211 
[11463.859716 
[11463.862216 
[11463.864701 
[11463.868445 
[11463.873497 
[11463.878489 
[11463.883485 
[11463.888476 
[11463.893241 
[11463.898278 
[11463.903250 
[11463.908333 
[11463.913271 
[11463.918088 
[11463.922987 
[11463.928120 
[11463.933101 
[11463.938073 
[11463.943111 
[11463.947832 
[11463.952881 
[11463.957888 
[11463.962802 
[11463.967960 
[11463.972801 
[11463.977676 
[11463.982608 
[11463.987223 
[11463.992157 
[11463.997212 
[11464.001932 
[11464.007014 
[11464.011949 
[11464.016973 
[11464.021975 
[11464.027058 
[11464.031639 
[11464.036623 
[11464.041627 
[11464.046720 
[11464.051683 
[11464.056628 
[11464.061819 
[11464.066534 
[11464.071543 
[11464.076553 
[11464.081586 
[11464.086582 
[11464.091509 
[11464.096267 
[11464.101236 
[11464.106370 
[11464.111313 
[11464.116223 
[11464.121299 
[11464.126132 
[11464.131089 
[11464.136142 
[11464.141108 
[11464.146199 
[11464.151085 
[11464.155771 
[11464.160814 
[11464.165741 
[11464.170828 
[11464.175760 
[11464.180858 
[11464.185569 
[11464.190737 
[11464.195608 
[11464.200668 
[11464.205645 
[11464.210744 
[11464.215384 
[11464.220491 
[11464.224144 
[11464.229224 
[11464.234157 
[11464.239283 
[11464.245563 
[11464.250289 
[11464.255295 
[11464.260304 
[11464.263976 
[11464.269018 
[11464.274024 
[11464.278717 
[11464.283823 
[11464.288717 
[11464.293848 
[11464.298712 
[11464.303763 
[11464.308513 
[11464.313520 
[11464.318665 
[11464.323697 
[11464.328660 
[11464.333515 
[11464.338337 
[11464.343320 
[11464.348385 
[11464.353379 
[11464.358392 
[11464.363336 
[11464.368289 
[11464.373044 
[11464.378128 
[11464.383046 
[11464.388105 
[11464.393201 
[11464.398068 
[11464.402942 
[11464.407909 
[11464.412949 
[11464.417914 
[11464.423021 
[11464.427994 
[11464.432771 
[11464.437709 
[11464.442744 
[11464.447697 
[11464.452702 
[11464.457704 
[11464.462587 
[11464.467541 
[11464.472558 
[11464.477542 
[11464.482548 
[11464.487628 
[11464.492244 
[11464.497287 
[11464.502251 
[11464.507423 
[11464.512304 
[11464.517341 
[11464.522103 
[11464.527077 
[11464.532071 
[11464.537098 
[11464.542076 
[11464.547088 
[11464.552038 
[11464.556932 
[11464.561933 
[11464.566920 
[11464.571874 
[11464.576884 
[11464.581654 
[11464.586582 
[11464.591791 
[11464.596700 
[11464.601801 
[11464.606678 
[11464.611511 
[11464.616431 
[11464.621538 
[11464.626540 
[11464.631551 
[11464.636551 
[11464.641265 
[11464.646274 
[11464.651249 
[11464.656217 
[11464.661296 
[11464.665147 
[11464.670043 
[11464.674855 
[11464.679862 
[11464.686075 
[11464.691116 
[11464.696238 
[11464.700824 
[11464.704676 
[11464.709679 
[11464.714587 
[11464.719717 
[11464.724727 
[11464.729727 
[11464.734331 
[11464.739403 
[11464.744369 
[11464.749408 
[11464.754403 
[11464.759421 
[11464.764190 
[11464.769309 
[11464.774210 
[11464.779319 
[11464.784223 
[11464.789287 
[11464.794042 
[11464.799046 
[11464.804132 
[11464.808969 
[11464.814122 
[11464.818981 
[11464.823882 
[11464.828800 
[11464.833865 
[11464.838878 
[11464.843841 
[11464.848764 
[11464.853681 
[11464.858545 
[11464.863534 
[11464.868578 
[11464.873542 
[11464.878597 
[11464.883308 
[11464.888385 
[11464.893332 
[11464.898385 
[11464.903357 
[11464.908373 
[11464.913368 
[11464.918203 
[11464.923123 
[11464.928136 
[11464.933225 
[11464.938263 
[11464.943306 
[11464.948005 
[11464.953038 
[11464.958041 
[11464.963091 
[11464.967946 
[11464.973013 
[11464.977682 
[11464.982785 
[11464.987758 
[11464.992739 
[11464.997679 
[11465.002752 
[11465.007731 
[11465.012551 
[11465.017559 
[11465.022505 
[11465.027458 
[11465.032476 
[11465.037517 
[11465.042281 
[11465.047350 
[11465.052227 
[11465.057381 
[11465.062418 
[11465.067354 
[11465.072172 
[11465.077018 
[11465.082121 
[11465.087157 
[11465.092145 
[11465.097186 
[11465.101982 
[11465.106894 
[11465.110704 
[11465.115623 
[11465.120640 
[11465.125629 
[11465.130442 
[11465.135428 
[11465.141661 
[11465.146713 
[11465.150412 
[11465.155537 
[11465.160249 
[11465.165171 
[11465.170260 
[11465.175339 
[11465.450960 
[11465.452132 
[11465.454625 
[11465.457133 
[11465.459624 
[11465.462114 
[11465.464347 
[11465.466901 
[11465.469432 
[11465.471908 
[11465.474367 
[11465.476873 
[11465.479420 
[11465.481887 
[11465.484385 
[11465.486894 
[11465.491786 
[11465.496675 
[11465.501554 
[11465.506683 
[11465.511675 
[11465.516703 
[11465.521729 
[11465.526658 
[11465.531495 
[11465.536464 
[11465.541421 
[11465.546554 
[11465.551518 
[11465.556499 
[11465.561151 
[11465.566198 
[11465.571178 
[11465.576201 
[11465.581212 
[11465.586219 
[11465.590970 
[11465.595992 
[11465.601108 
[11465.606110 
[11465.610993 
[11465.615996 
[11465.621140 
[11465.625889 
[11465.630889 
[11465.635949 
[11465.640933 
[11465.645825 
[11465.650912 
[11465.655571 
[11465.660669 
[11465.665608 
[11465.670634 
[11465.675682 
[11465.680644 
[11465.685456 
[11465.690443 
[11465.695471 
[11465.700365 
[11465.705357 
[11465.710372 
[11465.715178 
[11465.720185 
[11465.725236 
[11465.730195 
[11465.735215 
[11465.740163 
[11465.744938 
[11465.749955 
[11465.755044 
[11465.760069 
[11465.765057 
[11465.770034 
[11465.774943 
[11465.779795 
[11465.784811 
[11465.789735 
[11465.794831 
[11465.799840 
[11465.804738 
[11465.809569 
[11465.814516 
[11465.819614 
[11465.824653 
[11465.829554 
[11465.834602 
[11465.839278 
[11465.844280 
[11465.849307 
[11465.853075 
[11465.858151 
[11465.863211 
[11465.868163 
[11465.872793 
[11465.879189 
[11465.884065 
[11465.889152 
[11465.892865 
[11465.897952 
[11465.902662 
[11465.907630 
[11465.912687 
[11465.917597 
[11465.922612 
[11465.927602 
[11465.932597 
[11465.937442 
[11465.942409 
[11465.947453 
[11465.952513 
[11465.957458 
[11465.962515 
[11465.967259 
[11465.972253 
[11465.977276 
[11465.982196 
[11465.987278 
[11465.992305 
[11465.997214 
[11466.002007 
[11466.007034 
[11466.012034 
[11466.016916 
[11466.022127 
[11466.026922 
[11466.031751 
[11466.036754 
[11466.041759 
[11466.046740 
[11466.051717 
[11466.056721 
[11466.061568 
[11466.066574 
[11466.071597 
[11466.076584 
[11466.081605 
[11466.086594 
[11466.091612 
[11466.096399 
[11466.101420 
[11466.106404 
[11466.111450 
[11466.116429 
[11466.121423 
[11466.126067 
[11466.131036 
[11466.136188 
[11466.141108 
[11466.146215 
[11466.151238 
[11466.156197 
[11466.160950 
[11466.165887 
[11466.170973 
[11466.175985 
[11466.180953 
[11466.186043 
[11466.190699 
[11466.195679 
[11466.200805 
[11466.205806 
[11466.210791 
[11466.215848 
[11466.220766 
[11466.225556 
[11466.230559 
[11466.235586 
[11466.240592 
[11466.245609 
[11466.250599 
[11466.255365 
[11466.260357 
[11466.265373 
[11466.270224 
[11466.275375 
[11466.280295 
[11466.285051 
[11466.288818 
[11466.293768 
[11466.298778 
[11466.303818 
[11466.308792 
[11466.313770 
[11466.319738 
[11466.324750 
[11466.328639 
[11466.333626 
[11466.338628 
[11466.343640 
[11466.348270 
[11466.353367 
[11466.358313 
[11466.363295 
[11466.368399 
[11466.373422 
[11466.378391 
[11466.383145 
[11466.388127 
[11466.393168 
[11466.398167 
[11466.403200 
[11466.408188 
[11466.412903 
[11466.417890 
[11466.422899 
[11466.427840 
[11466.432849 
[11466.437837 
[11466.442724 
[11466.447744 
[11466.452795 
[11466.457754 
[11466.462801 
[11466.467767 
[11466.472773 
[11466.477507 
[11466.482495 
[11466.487586 
[11466.492481 
[11466.497636 
[11466.502470 
[11466.507337 
[11466.512321 
[11466.517309 
[11466.522275 
[11466.527326 
[11466.532285 
[11466.537079 
[11466.542046 
[11466.547089 
[11466.552037 
[11466.557045 
[11466.562095 
[11466.566815 
[11466.571900 
[11466.576952 
[11466.581839 
[11466.586947 
[11466.592009 
[11466.596618 
[11466.601648 
[11466.606734 
[11466.611742 
[11466.616727 
[11466.621770 
[11466.626500 
[11466.631553 
[11466.636514 
[11466.641505 
[11466.646506 
[11466.651505 
[11466.656241 
[11466.661237 
[11466.666223 
[11466.671229 
[11466.676238 
[11466.681256 
[11466.686166 
[11466.689874 
[11466.696138 
[11466.699860 
[11466.702339 
[11466.704764 
[11466.707336 
[11466.709770 
[11466.712361 
[11466.714762 
[11466.717175 
[11466.719723 
[11466.722181 
[11466.724656 
[11466.727188 
[11466.729738 
[11466.732197 
[11466.734685 
[11466.737116 
[11466.739742 
[11466.742212 
[11466.744606 
[11466.747057 
[11466.749418 
[11466.752006 
[11466.754384 
[11466.757012 
[11466.759428 
[11466.762016 
[11466.764393 
[11466.767023 
[11466.769440 
[11466.771934 
[11466.774396 
[11466.777031 
[11466.779220 
[11466.781725 
[11466.784161 
[11466.786773 
[11466.789300 
[11466.791708 
[11466.794298 
[11466.796836 
[11466.799250 
[11466.801805 
[11466.804249 
[11466.806793 
[11466.809024 
[11466.811477 
[11466.814067 
[11466.816484 
[11466.819031 
[11466.821490 
[11466.824036 
[11466.826495 
[11466.829054 
[11466.831413 
[11466.834002 
[11466.836540 
[11466.839029 
[11466.841291 
[11466.843829 
[11466.846250 
[11466.848723 
[11466.851310 
[11466.853771 
[11466.856190 
[11466.858896 
[11466.861191 
[11466.863905 
[11466.865745 
[11466.868312 
[11466.870859 
[11466.873317 
[11466.875838 
[11466.878235 
[11466.880781 
[11466.883350 
[11466.885806 
[11466.888379 
[11466.890824 
[11466.893225 
[11466.895796 
[11466.898081 
[11466.900531 
[11466.903014 
[11466.905589 
[11466.908162 
[11466.910577 
[11466.913184 
[11466.915585 
[11466.918129 
[11466.920588 
[11466.923044 
[11466.925688 
[11466.928134 
[11466.930490 
[11466.932917 
[11466.935271 
[11466.937824 
[11466.940370 
[11466.942871 
[11466.945330 
[11466.947954 
[11466.950384 
[11466.952879 
[11466.955437 
[11466.957907 
[11466.960272 
[11466.962671 
[11466.965158 
[11466.967599 
[11466.970214 
[11466.972622 
[11466.975232 
[11466.977608 
[11466.980001 
