4535.865949 2147483647
4535.870826 2147483647
4535.871991 2147483647
4535.874578 2147483647
4535.877197 2147483647
4535.879508 2147483647
4535.882057 2147483647
4535.884762 2147483647
4535.886988 2147483647
4535.889553 2147483647
4535.902270 2147483647
4535.903501 2147483647
4535.906913 2147483647
4535.908210 2147483647
4535.910651 2147483647
4535.913291 2147483647
4535.914542 2147483647
4535.918284 2147483647
4535.919542 2147483647
4535.922048 2147483647
4535.924527 2147483647
4535.926964 2147483647
4535.929433 2147483647
4535.932037 2147483647
4535.934497 2147483647
4535.936991 2147483647
4535.939532 2147483647
4535.941733 2147483647
4535.944231 2147483647
4535.946727 2147483647
4535.951724 2147483647
4535.952973 2147483647
4535.954217 2147483647
4535.956673 2147483647
4535.959206 2147483647
4535.961704 2147483647
4535.964214 2147483647
4535.966618 2147483647
4535.969201 2147483647
4535.971968 2147483647
4535.973906 2147483647
4535.975443 2147483647
4535.978899 2147483647
4535.981393 2147483647
4535.983929 2147483647
4535.985389 2147483647
4535.988946 2147483647
4535.990421 2147483647
4535.993912 2147483647
4535.996622 2147483647
4535.997917 2147483647
4536.000110 2147483647
4536.002904 2147483647
4536.005138 2147483647
4536.007642 2147483647
4536.010100 2147483647
4536.012632 2147483647
4536.015088 2147483647
4536.017625 2147483647
4536.020122 2147483647
4536.022637 2147483647
4536.025115 2147483647
4536.030109 2147483647
4536.035101 2147483647
4536.040088 2147483647
4536.044834 2147483647
4536.049805 2147483647
4536.052286 2147483647
4536.054780 2147483647
4536.057277 2147483647
4536.059772 2147483647
4536.062228 2147483647
4536.064928 2147483647
4536.067170 2147483647
4536.069922 2147483647
4536.072172 2147483647
4536.074499 2147483647
4536.076993 2147483647
4536.079507 2147483647
4536.081999 2147483647
4536.084477 2147483647
4536.087171 2147483647
4536.089753 2147483647
4536.091961 2147483647
4536.094678 2147483647
4536.095996 2147483647
4536.098241 2147483647
4536.100947 2147483647
4536.103195 2147483647
4536.105754 2147483647
4536.108186 2147483647
4536.110720 2147483647
4536.113190 2147483647
4536.115695 2147483647
4536.118109 2147483647
4536.120668 2147483647
4536.123185 2147483647
4536.125614 2147483647
4536.128123 2147483647
4536.130652 2147483647
4536.135681 2147483647
4536.140674 2147483647
4536.145414 2147483647
4536.150405 2147483647
4536.155422 2147483647
4536.160390 2147483647
4536.165392 2147483647
4536.170372 2147483647
4536.175363 2147483647
4536.180104 2147483647
4536.185346 2147483647
4536.190063 2147483647
4536.195331 2147483647
4536.200364 2147483647
4536.205077 2147483647
4536.210069 2147483647
4536.215066 2147483647
4536.219756 2147483647
4536.224803 2147483647
4536.229826 2147483647
4536.234792 2147483647
4536.237540 2147483647
4536.240083 2147483647
4536.242280 2147483647
4536.244777 2147483647
4536.247277 2147483647
4536.249798 2147483647
4536.252271 2147483647
4536.254768 2147483647
4536.257264 2147483647
4536.259761 2147483647
4536.262255 2147483647
4536.264711 2147483647
4536.267156 2147483647
4536.269499 2147483647
4536.272163 2147483647
4536.274644 2147483647
4536.277142 2147483647
4536.279481 2147483647
4536.281985 2147483647
4536.284474 2147483647
4536.286969 2147483647
4536.289382 2147483647
4536.291862 2147483647
4536.294362 2147483647
4536.296859 2147483647
4536.299367 2147483647
4536.301850 2147483647
4536.304346 2147483647
4536.306708 2147483647
4536.309337 2147483647
4536.311890 2147483647
4536.314132 2147483647
4536.316594 2147483647
4536.319065 2147483647
4536.321600 2147483647
4536.322924 2147483647
4536.325406 2147483647
4536.329276 2147483647
4536.331550 2147483647
4536.334384 2147483647
4536.335622 2147483647
4536.336836 2147483647
4536.340591 2147483647
4536.342871 2147483647
4536.345618 2147483647
4536.347615 2147483647
4536.350360 2147483647
4536.352856 2147483647
4536.355356 2147483647
4536.357830 2147483647
4536.360342 2147483647
4536.362841 2147483647
4536.365334 2147483647
4536.367832 2147483647
4536.370327 2147483647
4536.372618 2147483647
4536.374097 2147483647
4536.376339 2147483647
4536.379046 2147483647
4536.381332 2147483647
4536.383794 2147483647
4536.386323 2147483647
4536.387562 2147483647
4536.388780 2147483647
4536.392542 2147483647
4536.395004 2147483647
4536.397385 2147483647
4536.398633 2147483647
4536.402525 2147483647
4536.404921 2147483647
4536.407444 2147483647
4536.409995 2147483647
4536.414699 2147483647
4536.418476 2147483647
4536.424950 2147483647
4536.428437 2147483647
4536.433463 2147483647
4536.438421 2147483647
4536.443411 2147483647
4536.448154 2147483647
4536.453353 2147483647
4536.458383 2147483647
4536.463448 2147483647
4536.468410 2147483647
4536.473188 2147483647
4536.478155 2147483647
4536.483168 2147483647
4536.488140 2147483647
4536.493127 2147483647
4536.498076 2147483647
4536.503068 2147483647
4536.508010 2147483647
4536.512995 2147483647
4536.517800 2147483647
4536.522819 2147483647
4536.527727 2147483647
4536.532739 2147483647
4536.536556 2147483647
4536.539014 2147483647
4536.541547 2147483647
4536.544048 2147483647
4536.546529 2147483647
4536.548737 2147483647
4536.551534 2147483647
4536.554005 2147483647
4536.556566 2147483647
4536.559039 2147483647
4536.561535 2147483647
4536.563687 2147483647
4536.566550 2147483647
4536.569024 2147483647
4536.571425 2147483647
4536.573887 2147483647
4536.575265 2147483647
4536.576509 2147483647
4536.577758 2147483647
4536.578970 2147483647
4536.580155 2147483647
4536.581118 2147483647
4536.582367 2147483647
4536.583613 2147483647
4536.584998 2147483647
4536.586247 2147483647
4536.587496 2147483647
4536.588703 2147483647
4536.589868 2147483647
4536.591099 2147483647
4536.592344 2147483647
4536.593598 2147483647
4536.594891 2147483647
4536.596231 2147483647
4536.597479 2147483647
4536.598688 2147483647
4536.599881 2147483647
4536.601085 2147483647
4536.602328 2147483647
4536.603585 2147483647
4536.604916 2147483647
4536.606219 2147483647
4536.607449 2147483647
4536.608694 2147483647
4536.609908 2147483647
4536.611137 2147483647
4536.612312 2147483647
4536.613552 2147483647
4536.614629 2147483647
4536.615938 2147483647
4536.617164 2147483647
4536.618412 2147483647
4536.619658 2147483647
4536.620869 2147483647
4536.622072 2147483647
4536.623293 2147483647
4536.624611 2147483647
4536.625899 2147483647
4536.627148 2147483647
4536.628397 2147483647
4536.629639 2147483647
4536.630856 2147483647
4536.632103 2147483647
4536.633280 2147483647
4536.634517 2147483647
4536.635762 2147483647
4536.637131 2147483647
4536.638379 2147483647
4536.639647 2147483647
4536.640875 2147483647
4536.642086 2147483647
4536.643259 2147483647
4536.644501 2147483647
4536.645867 2147483647
4536.646772 2147483647
4536.648114 2147483647
4536.649379 2147483647
4536.650605 2147483647
4536.651853 2147483647
4536.653068 2147483647
4536.654244 2147483647
4536.655470 2147483647
4536.656784 2147483647
4536.658099 2147483647
4536.659348 2147483647
4536.660596 2147483647
4536.661839 2147483647
4536.663054 2147483647
4536.664301 2147483647
4536.665476 2147483647
4536.666753 2147483647
4536.668254 2147483647
4536.669336 2147483647
4536.670586 2147483647
4536.671827 2147483647
4536.673108 2147483647
4536.674289 2147483647
4536.675518 2147483647
4536.676705 2147483647
4536.678273 2147483647
4536.679317 2147483647
4536.680314 2147483647
4536.681561 2147483647
4536.682791 2147483647
4536.684019 2147483647
4536.685503 2147483647
4536.686438 2147483647
4536.687752 2147483647
4536.688946 2147483647
4536.690323 2147483647
4536.691797 2147483647
4536.692761 2147483647
4536.694257 2147483647
4536.695481 2147483647
4536.696786 2147483647
4536.697924 2147483647
4536.698997 2147483647
4536.700291 2147483647
4536.701532 2147483647
4536.702744 2147483647
4536.703991 2147483647
4536.705533 2147483647
4536.706513 2147483647
4536.707975 2147483647
4536.709019 2147483647
4536.710272 2147483647
4536.711515 2147483647
4536.712976 2147483647
4536.713890 2147483647
4536.715136 2147483647
4536.716475 2147483647
4536.717720 2147483647
4536.718884 2147483647
4536.720215 2147483647
4536.721502 2147483647
4536.722479 2147483647
4536.723911 2147483647
4536.725160 2147483647
4536.726230 2147483647
4536.727713 2147483647
4536.729002 2147483647
4536.730264 2147483647
4536.732761 2147483647
4536.735198 2147483647
4536.737693 2147483647
4536.740218 2147483647
4536.742688 2147483647
4536.745183 2147483647
4536.746180 2147483647
4536.749880 2147483647
4536.751157 2147483647
4536.753669 2147483647
4536.756428 2147483647
4536.758660 2147483647
4536.761157 2147483647
4536.763938 2147483647
4536.766208 2147483647
4536.768895 2147483647
4536.771072 2147483647
4536.773697 2147483647
4536.776402 2147483647
4536.778677 2147483647
4536.781176 2147483647
4536.783591 2147483647
4536.786035 2147483647
4536.788625 2147483647
4536.791123 2147483647
4536.793559 2147483647
4536.796114 2147483647
4536.797359 2147483647
4536.798608 2147483647
4536.801106 2147483647
4536.803600 2147483647
4536.806035 2147483647
4536.808596 2147483647
4536.813407 2147483647
4536.818368 2147483647
4536.823386 2147483647
4536.828253 2147483647
4536.833370 2147483647
4536.838296 2147483647
4536.843326 2147483647
4536.848064 2147483647
4536.852959 2147483647
4536.857914 2147483647
4536.863039 2147483647
4536.868033 2147483647
4536.873055 2147483647
4536.877948 2147483647
4536.882996 2147483647
4536.887679 2147483647
4536.890238 2147483647
4536.892707 2147483647
4536.895454 2147483647
4536.897951 2147483647
4536.900121 2147483647
4536.902942 2147483647
4536.905188 2147483647
4536.907685 2147483647
4536.910145 2147483647
4536.912676 2147483647
4536.915174 2147483647
4536.917688 2147483647
4536.919915 2147483647
4536.922679 2147483647
4536.924912 2147483647
4536.927651 2147483647
4536.929897 2147483647
4536.932396 2147483647
4536.934911 2147483647
4536.937387 2147483647
4536.939910 2147483647
4536.942379 2147483647
4536.944874 2147483647
4536.947370 2147483647
4536.949886 2147483647
4536.952624 2147483647
4536.954886 2147483647
4536.957139 2147483647
4536.959876 2147483647
4536.962373 2147483647
4536.964871 2147483647
4536.967299 2147483647
4536.969838 2147483647
4536.972358 2147483647
4536.974831 2147483647
4536.979775 2147483647
4536.984812 2147483647
4536.989825 2147483647
4536.993322 2147483647
4536.995817 2147483647
4536.998544 2147483647
4537.003284 2147483647
4537.005933 2147483647
4537.008178 2147483647
4537.010733 2147483647
4537.013230 2147483647
4537.016035 2147483647
4537.018254 2147483647
4537.020698 2147483647
4537.022896 2147483647
4537.025683 2147483647
4537.028173 2147483647
4537.030715 2147483647
4537.033177 2147483647
4537.035610 2147483647
4537.038119 2147483647
4537.039384 2147483647
4537.040594 2147483647
4537.041920 2147483647
4537.043130 2147483647
4537.044327 2147483647
4537.045616 2147483647
4537.046866 2147483647
4537.048129 2147483647
4537.049514 2147483647
4537.050681 2147483647
4537.051928 2147483647
4537.053177 2147483647
4537.054388 2147483647
4537.055557 2147483647
4537.056551 2147483647
4537.057880 2147483647
4537.059127 2147483647
4537.060366 2147483647
4537.061663 2147483647
4537.062873 2147483647
4537.064120 2147483647
4537.065295 2147483647
4537.066533 2147483647
4537.067813 2147483647
4537.069149 2147483647
4537.070361 2147483647
4537.071645 2147483647
4537.072913 2147483647
4537.074140 2147483647
4537.075353 2147483647
4537.076523 2147483647
4537.077764 2147483647
4537.079096 2147483647
4537.080345 2147483647
4537.081630 2147483647
4537.082894 2147483647
4537.084126 2147483647
4537.085399 2147483647
4537.086612 2147483647
4537.087768 2147483647
4537.089104 2147483647
4537.090384 2147483647
4537.091390 2147483647
4537.092637 2147483647
4537.093885 2147483647
4537.095130 2147483647
4537.096335 2147483647
4537.097834 2147483647
4537.098747 2147483647
4537.100093 2147483647
4537.101309 2147483647
4537.102612 2147483647
4537.103860 2147483647
4537.105108 2147483647
4537.106377 2147483647
4537.107815 2147483647
4537.108815 2147483647
4537.110002 2147483647
4537.111310 2147483647
4537.112595 2147483647
4537.113844 2147483647
4537.115091 2147483647
4537.116362 2147483647
4537.117588 2147483647
4537.119042 2147483647
4537.119961 2147483647
4537.121291 2147483647
4537.122578 2147483647
4537.123846 2147483647
4537.125075 2147483647
4537.126068 2147483647
4537.127318 2147483647
4537.128819 2147483647
4537.130056 2147483647
4537.130966 2147483647
4537.132273 2147483647
4537.133828 2147483647
4537.134810 2147483647
4537.136055 2147483647
4537.137300 2147483647
4537.138552 2147483647
4537.139824 2147483647
4537.141011 2147483647
4537.142255 2147483647
4537.143543 2147483647
4537.145046 2147483647
4537.146293 2147483647
4537.147285 2147483647
4537.148537 2147483647
4537.150009 2147483647
4537.150906 2147483647
4537.152426 2147483647
4537.153771 2147483647
4537.155031 2147483647
4537.156044 2147483647
4537.157311 2147483647
4537.158266 2147483647
4537.159517 2147483647
4537.160910 2147483647
4537.162257 2147483647
4537.163532 2147483647
4537.164508 2147483647
4537.166010 2147483647
4537.167027 2147483647
4537.168251 2147483647
4537.169501 2147483647
4537.170956 2147483647
4537.172187 2147483647
4537.173410 2147483647
4537.174738 2147483647
4537.175999 2147483647
4537.176989 2147483647
4537.178237 2147483647
4537.179487 2147483647
4537.180941 2147483647
4537.182148 2147483647
4537.183497 2147483647
4537.184723 2147483647
4537.185969 2147483647
4537.187216 2147483647
4537.188468 2147483647
4537.189704 2147483647
4537.190877 2147483647
4537.192084 2147483647
4537.193066 2147483647
4537.194357 2147483647
4537.195705 2147483647
4537.196933 2147483647
4537.198215 2147483647
4537.199499 2147483647
4537.200659 2147483647
4537.201845 2147483647
4537.203071 2147483647
4537.204443 2147483647
4537.205693 2147483647
4537.206960 2147483647
4537.208185 2147483647
4537.209685 2147483647
4537.210645 2147483647
4537.211847 2147483647
4537.213317 2147483647
4537.215841 2147483647
4537.218169 2147483647
4537.220666 2147483647
4537.223143 2147483647
4537.225790 2147483647
4537.228156 2147483647
4537.230409 2147483647
4537.232867 2147483647
4537.235554 2147483647
4537.237809 2147483647
4537.240414 2147483647
4537.242897 2147483647
4537.245600 2147483647
4537.247884 2147483647
4537.250402 2147483647
4537.252876 2147483647
4537.255623 2147483647
4537.257740 2147483647
4537.260323 2147483647
4537.262858 2147483647
4537.265351 2147483647
4537.267852 2147483647
4537.270219 2147483647
4537.272766 2147483647
4537.275340 2147483647
4537.276586 2147483647
4537.279083 2147483647
4537.281577 2147483647
4537.284078 2147483647
4537.286574 2147483647
4537.289070 2147483647
4537.291472 2147483647
4537.293810 2147483647
4537.297552 2147483647
4537.300067 2147483647
4537.302451 2147483647
4537.305040 2147483647
4537.307539 2147483647
4537.310285 2147483647
4537.312490 2147483647
4537.315026 2147483647
4537.316297 2147483647
4537.318770 2147483647
4537.321267 2147483647
4537.323685 2147483647
4537.326258 2147483647
4537.328499 2147483647
4537.331251 2147483647
4537.333513 2147483647
4537.335994 2147483647
4537.338488 2147483647
4537.341251 2147483647
4537.343479 2147483647
4537.345975 2147483647
4537.348471 2147483647
4537.350968 2147483647
4537.353465 2147483647
4537.355960 2147483647
4537.358457 2147483647
4537.360951 2147483647
4537.363198 2147483647
4537.365693 2147483647
4537.368190 2147483647
4537.370686 2147483647
4537.373208 2147483647
4537.375676 2147483647
4537.378174 2147483647
4537.380935 2147483647
4537.383190 2147483647
4537.385908 2147483647
4537.388400 2147483647
4537.390900 2147483647
4537.393391 2147483647
4537.395661 2147483647
4537.398155 2147483647
4537.400597 2147483647
4537.402882 2147483647
4537.405641 2147483647
4537.408139 2147483647
4537.410613 2147483647
4537.413110 2147483647
4537.415604 2147483647
4537.418105 2147483647
4537.420596 2147483647
4537.423113 2147483647
4537.425535 2147483647
4537.427833 2147483647
4537.430379 2147483647
4537.432829 2147483647
4537.434037 2147483647
4537.435287 2147483647
4537.436535 2147483647
4537.438034 2147483647
4537.439032 2147483647
4537.440302 2147483647
4537.441526 2147483647
4537.443026 2147483647
4537.444024 2147483647
4537.445268 2147483647
4537.446506 2147483647
4537.448008 2147483647
4537.449005 2147483647
4537.450272 2147483647
4537.451498 2147483647
4537.452785 2147483647
4537.453946 2147483647
4537.455278 2147483647
4537.456544 2147483647
4537.458026 2147483647
4537.459026 2147483647
4537.460271 2147483647
4537.461517 2147483647
4537.462767 2147483647
4537.464017 2147483647
4537.464977 2147483647
4537.466222 2147483647
4537.467721 2147483647
4537.468972 2147483647
4537.469971 2147483647
4537.471214 2147483647
4537.472463 2147483647
4537.473985 2147483647
4537.475210 2147483647
4537.476181 2147483647
4537.477705 2147483647
4537.478953 2147483647
4537.480220 2147483647
4537.481449 2147483647
4537.482709 2147483647
4537.483979 2147483647
4537.485205 2147483647
4537.486435 2147483647
4537.487738 2147483647
4537.488986 2147483647
4537.490215 2147483647
4537.491444 2147483647
4537.492677 2147483647
4537.493934 2147483647
4537.495180 2147483647
4537.496216 2147483647
4537.497420 2147483647
4537.498669 2147483647
4537.499941 2147483647
4537.501169 2147483647
4537.502417 2147483647
4537.503674 2147483647
4537.506174 2147483647
4537.508690 2147483647
4537.511190 2147483647
4537.513710 2147483647
4537.517450 2147483647
4537.522426 2147483647
4537.527431 2147483647
4537.532174 2147483647
4537.537167 2147483647
4537.542161 2147483647
4537.547146 2147483647
4537.550899 2147483647
4537.553392 2147483647
4537.555892 2147483647
4537.560882 2147483647
4537.565873 2147483647
4537.568078 2147483647
4537.570616 2147483647
4537.573135 2147483647
4537.575608 2147483647
4537.578102 2147483647
4537.580622 2147483647
4537.583130 2147483647
4537.585591 2147483647
4537.588089 2147483647
4537.590558 2147483647
4537.593078 2147483647
4537.595536 2147483647
4537.598318 2147483647
4537.600345 2147483647
4537.602818 2147483647
4537.605556 2147483647
4537.607807 2147483647
4537.610470 2147483647
4537.612984 2147483647
4537.615542 2147483647
4537.617769 2147483647
4537.620519 2147483647
4537.623034 2147483647
4537.625510 2147483647
4537.627764 2147483647
4537.630524 2147483647
4537.633001 2147483647
4537.635002 2147483647
4537.637743 2147483647
4537.640261 2147483647
4537.642735 2147483647
4537.645235 2147483647
4537.647727 2147483647
4537.650255 2147483647
4537.652719 2147483647
4537.655217 2147483647
4537.657711 2147483647
4537.660214 2147483647
4537.662710 2147483647
4537.665214 2147483647
4537.667477 2147483647
4537.669955 2147483647
4537.672451 2147483647
4537.674951 2147483647
4537.677447 2147483647
4537.679945 2147483647
4537.682445 2147483647
4537.684941 2147483647
4537.687441 2147483647
4537.689956 2147483647
4537.692433 2147483647
4537.694926 2147483647
4537.697429 2147483647
4537.699669 2147483647
4537.702417 2147483647
4537.704663 2147483647
4537.707181 2147483647
4537.709659 2147483647
4537.712408 2147483647
4537.714669 2147483647
4537.717189 2147483647
4537.719663 2147483647
4537.722414 2147483647
4537.724659 2147483647
4537.727155 2147483647
4537.729587 2147483647
4537.731899 2147483647
4537.734649 2147483647
4537.737147 2147483647
4537.739648 2147483647
4537.742143 2147483647
4537.744639 2147483647
4537.747160 2147483647
4537.749631 2147483647
4537.752128 2147483647
4537.754625 2147483647
4537.757149 2147483647
4537.759617 2147483647
4537.762116 2147483647
4537.764368 2147483647
4537.766890 2147483647
4537.769361 2147483647
4537.771856 2147483647
4537.774376 2147483647
4537.776848 2147483647
4537.780616 2147483647
4537.785588 2147483647
4537.790852 2147483647
4537.795323 2147483647
4537.800343 2147483647
4537.805308 2147483647
4537.810297 2147483647
4537.815305 2147483647
4537.820534 2147483647
4537.825293 2147483647
4537.830018 2147483647
4537.835008 2147483647
4537.840267 2147483647
4537.845237 2147483647
4537.850247 2147483647
4537.855218 2147483647
4537.859959 2147483647
4537.864950 2147483647
4537.869929 2147483647
4537.874920 2147483647
4537.879914 2147483647
4537.885157 2147483647
4537.889920 2147483647
4537.894643 2147483647
4537.899903 2147483647
4537.903379 2147483647
4537.908370 2147483647
4537.913612 2147483647
4537.918353 2147483647
4537.923368 2147483647
4537.928337 2147483647
4537.933354 2147483647
4537.938321 2147483647
4537.943314 2147483647
4537.948305 2147483647
4537.953295 2147483647
4537.958287 2147483647
4537.963023 2147483647
4537.968020 2147483647
4537.972960 2147483647
4537.978005 2147483647
4537.983000 2147483647
4537.988001 2147483647
4537.992744 2147483647
4537.997732 2147483647
4538.002723 2147483647
4538.007739 2147483647
4538.012705 2147483647
4538.017718 2147483647
4538.022937 2147483647
4538.027434 2147483647
4538.029928 2147483647
4538.032424 2147483647
4538.034919 2147483647
4538.037415 2147483647
4538.039923 2147483647
4538.042654 2147483647
4538.045145 2147483647
4538.047653 2147483647
4538.050163 2147483647
4538.052635 2147483647
4538.055129 2147483647
4538.057650 2147483647
4538.059869 2147483647
4538.062122 2147483647
4538.064618 2147483647
4538.067378 2147483647
4538.069851 2147483647
4538.072349 2147483647
4538.074843 2147483647
4538.077341 2147483647
4538.079835 2147483647
4538.082334 2147483647
4538.084826 2147483647
4538.087326 2147483647
4538.089823 2147483647
4538.092066 2147483647
4538.094812 2147483647
4538.097329 2147483647
4538.099806 2147483647
4538.102049 2147483647
4538.104753 2147483647
4538.107310 2147483647
4538.109788 2147483647
4538.112033 2147483647
4538.114783 2147483647
4538.117298 2147483647
4538.119520 2147483647
4538.122266 2147483647
4538.124537 2147483647
4538.127010 2147483647
4538.129252 2147483647
4538.132001 2147483647
4538.134520 2147483647
4538.136992 2147483647
4538.139488 2147483647
4538.141984 2147483647
4538.144478 2147483647
4538.146980 2147483647
4538.149472 2147483647
4538.151968 2147483647
4538.154464 2147483647
4538.156734 2147483647
4538.159203 2147483647
4538.161700 2147483647
4538.164218 2147483647
4538.166689 2147483647
4538.169185 2147483647
4538.171684 2147483647
4538.174203 2147483647
4538.176676 2147483647
4538.179170 2147483647
4538.181668 2147483647
4538.184190 2147483647
4538.186657 2147483647
4538.187904 2147483647
4538.190109 2147483647
4538.192646 2147483647
4538.195144 2147483647
4538.197888 2147483647
4538.200176 2147483647
4538.202631 2147483647
4538.205128 2147483647
4538.207649 2147483647
4538.210083 2147483647
4538.212570 2147483647
4538.215012 2147483647
4538.217561 2147483647
4538.218796 2147483647
4538.220046 2147483647
4538.221291 2147483647
4538.222541 2147483647
4538.223551 2147483647
4538.225037 2147483647
4538.226047 2147483647
4538.227283 2147483647
4538.228589 2147483647
4538.229839 2147483647
4538.231096 2147483647
4538.232330 2147483647
4538.233606 2147483647
4538.235094 2147483647
4538.236063 2147483647
4538.237309 2147483647
4538.238562 2147483647
4538.240084 2147483647
4538.241074 2147483647
4538.242303 2147483647
4538.243554 2147483647
4538.244801 2147483647
4538.246050 2147483647
4538.247308 2147483647
4538.248800 2147483647
4538.250038 2147483647
4538.251296 2147483647
4538.252246 2147483647
4538.253757 2147483647
4538.255004 2147483647
4538.256252 2147483647
4538.257032 2147483647
4538.258500 2147483647
4538.259503 2147483647
4538.260995 2147483647
4538.262243 2147483647
4538.263483 2147483647
4538.264728 2147483647
4538.265975 2147483647
4538.267244 2147483647
4538.268472 2147483647
4538.269722 2147483647
4538.270965 2147483647
4538.272214 2147483647
4538.273493 2147483647
4538.274739 2147483647
4538.275943 2147483647
4538.277216 2147483647
4538.278464 2147483647
4538.279717 2147483647
4538.280988 2147483647
4538.282209 2147483647
4538.283463 2147483647
4538.284698 2147483647
4538.285942 2147483647
4538.287190 2147483647
4538.288438 2147483647
4538.289940 2147483647
4538.290613 2147483647
4538.291933 2147483647
4538.293181 2147483647
4538.294430 2147483647
4538.295681 2147483647
4538.296874 2147483647
4538.298173 2147483647
4538.299420 2147483647
4538.301920 2147483647
4538.304412 2147483647
4538.307130 2147483647
4538.309407 2147483647
4538.312191 2147483647
4538.314451 2147483647
4538.317111 2147483647
4538.319332 2147483647
4538.321924 2147483647
4538.324445 2147483647
4538.326917 2147483647
4538.329409 2147483647
4538.331909 2147483647
4538.334382 2147483647
4538.336779 2147483647
4538.339143 2147483647
4538.341893 2147483647
4538.344390 2147483647
4538.346803 2147483647
4538.349392 2147483647
4538.351889 2147483647
4538.354387 2147483647
4538.356802 2147483647
4538.359126 2147483647
4538.361621 2147483647
4538.364146 2147483647
4538.366523 2147483647
4538.369111 2147483647
4538.370357 2147483647
4538.371608 2147483647
4538.372855 2147483647
4538.374089 2147483647
4538.375311 2147483647
4538.377794 2147483647
4538.380345 2147483647
4538.382843 2147483647
4538.385291 2147483647
4538.387748 2147483647
4538.390359 2147483647
4538.392574 2147483647
4538.395072 2147483647
4538.396280 2147483647
4538.397454 2147483647
4538.398778 2147483647
4538.400067 2147483647
4538.401334 2147483647
4538.402558 2147483647
4538.403808 2147483647
4538.405057 2147483647
4538.406242 2147483647
4538.407430 2147483647
4538.408752 2147483647
4538.410038 2147483647
4538.411285 2147483647
4538.412529 2147483647
4538.413781 2147483647
4538.415031 2147483647
4538.416278 2147483647
4538.417519 2147483647
4538.418748 2147483647
4538.420034 2147483647
4538.421283 2147483647
4538.422529 2147483647
4538.423798 2147483647
4538.425026 2147483647
4538.426275 2147483647
4538.427198 2147483647
4538.428477 2147483647
4538.429769 2147483647
4538.431033 2147483647
4538.432265 2147483647
4538.433519 2147483647
4538.434770 2147483647
4538.436008 2147483647
4538.437214 2147483647
4538.438496 2147483647
4538.439757 2147483647
4538.441031 2147483647
4538.442253 2147483647
4538.443487 2147483647
4538.444744 2147483647
4538.446170 2147483647
4538.447364 2147483647
4538.448359 2147483647
4538.449736 2147483647
4538.451000 2147483647
4538.452228 2147483647
4538.453475 2147483647
4538.454686 2147483647
4538.455940 2147483647
4538.457424 2147483647
4538.458103 2147483647
4538.459472 2147483647
4538.460730 2147483647
4538.461975 2147483647
4538.463227 2147483647
4538.464502 2147483647
4538.465679 2147483647
4538.466952 2147483647
4538.468147 2147483647
4538.469460 2147483647
4538.470713 2147483647
4538.471960 2147483647
4538.473206 2147483647
4538.474474 2147483647
4538.475708 2147483647
4538.477157 2147483647
4538.478349 2147483647
4538.479661 2147483647
4538.480970 2147483647
4538.482190 2147483647
4538.483439 2147483647
4538.484713 2147483647
4538.485901 2147483647
4538.487098 2147483647
4538.488312 2147483647
4538.489643 2147483647
4538.490957 2147483647
4538.491680 2147483647
4538.492934 2147483647
4538.494191 2147483647
4538.495433 2147483647
4538.496877 2147483647
4538.498032 2147483647
4538.499375 2147483647
4538.500603 2147483647
4538.501919 2147483647
4538.503163 2147483647
4538.504413 2147483647
4538.505623 2147483647
4538.506890 2147483647
4538.508033 2147483647
4538.509356 2147483647
4538.510586 2147483647
4538.511841 2147483647
4538.513158 2147483647
4538.514395 2147483647
4538.515613 2147483647
4538.516865 2147483647
4538.518024 2147483647
4538.519262 2147483647
4538.520607 2147483647
4538.522039 2147483647
4538.523094 2147483647
4538.524619 2147483647
4538.525337 2147483647
4538.526584 2147483647
4538.527751 2147483647
4538.528987 2147483647
4538.530335 2147483647
4538.531566 2147483647
4538.532869 2147483647
4538.534107 2147483647
4538.535360 2147483647
4538.536571 2147483647
4538.537982 2147483647
4538.539221 2147483647
4538.540335 2147483647
4538.541546 2147483647
4538.543101 2147483647
4538.544105 2147483647
4538.545351 2147483647
4538.546555 2147483647
4538.547745 2147483647
4538.548942 2147483647
4538.550309 2147483647
4538.551480 2147483647
4538.552812 2147483647
4538.554035 2147483647
4538.555592 2147483647
4538.556584 2147483647
4538.557563 2147483647
4538.558693 2147483647
4538.560044 2147483647
4538.561325 2147483647
4538.562532 2147483647
4538.564071 2147483647
4538.565074 2147483647
4538.566526 2147483647
4538.567473 2147483647
4538.568940 2147483647
4538.569933 2147483647
4538.571523 2147483647
4538.572742 2147483647
4538.573742 2147483647
4538.575302 2147483647
4538.576548 2147483647
4538.577764 2147483647
4538.578676 2147483647
4538.580168 2147483647
4538.581542 2147483647
4538.582501 2147483647
4538.583990 2147483647
4538.585229 2147483647
4538.586532 2147483647
4538.587779 2147483647
4538.588994 2147483647
4538.590158 2147483647
4538.591153 2147483647
4538.592489 2147483647
4538.593734 2147483647
4538.594710 2147483647
4538.596205 2147483647
4538.597524 2147483647
4538.598720 2147483647
4538.599889 2147483647
4538.601245 2147483647
4538.602504 2147483647
4538.603719 2147483647
4538.604944 2147483647
4538.606190 2147483647
4538.607492 2147483647
4538.608705 2147483647
4538.611205 2147483647
4538.613738 2147483647
4538.616188 2147483647
4538.618729 2147483647
4538.621228 2147483647
4538.623472 2147483647
4538.625970 2147483647
4538.628415 2147483647
4538.630982 2147483647
4538.633463 2147483647
4538.635950 2147483647
4538.638412 2147483647
4538.640935 2147483647
4538.643437 2147483647
4538.645933 2147483647
4538.648428 2147483647
4538.650891 2147483647
4538.653422 2147483647
4538.655918 2147483647
4538.658186 2147483647
4538.660624 2147483647
4538.663118 2147483647
4538.665658 2147483647
4538.668175 2147483647
4538.670606 2147483647
4538.673087 2147483647
4538.675642 2147483647
4538.678131 2147483647
4538.680587 2147483647
4538.683128 2147483647
4538.685825 2147483647
4538.688363 2147483647
4538.690522 2147483647
4538.693109 2147483647
4538.695603 2147483647
4538.697869 2147483647
4538.700499 2147483647
4538.703090 2147483647
4538.705509 2147483647
4538.708061 2147483647
4538.710532 2147483647
4538.711823 2147483647
4538.715523 2147483647
4538.718047 2147483647
4538.720446 2147483647
4538.722808 2147483647
4538.725239 2147483647
4538.727723 2147483647
4538.730253 2147483647
4538.732744 2147483647
4538.735292 2147483647
4538.737736 2147483647
4538.740235 2147483647
4538.742726 2147483647
4538.745264 2147483647
4538.748024 2147483647
4538.750473 2147483647
4538.752678 2147483647
4538.754977 2147483647
4538.756473 2147483647
4538.758957 2147483647
4538.761388 2147483647
4538.763980 2147483647
4538.766478 2147483647
4538.768970 2147483647
4538.771369 2147483647
4538.773949 2147483647
4538.776422 2147483647
4538.778919 2147483647
4538.781448 2147483647
4538.783960 2147483647
4538.786437 2147483647
4538.788690 2147483647
4538.791168 2147483647
4538.793639 2147483647
4538.796170 2147483647
4538.798679 2147483647
4538.803152 2147483647
4538.804061 2147483647
4538.806179 2147483647
4538.808510 2147483647
4538.811014 2147483647
4538.813572 2147483647
4538.816086 2147483647
4538.818582 2147483647
4538.820789 2147483647
4538.823260 2147483647
4538.825793 2147483647
4538.828232 2147483647
4538.830803 2147483647
4538.833223 2147483647
4538.835817 2147483647
4538.838268 2147483647
4538.840853 2147483647
4538.843322 2147483647
4538.845741 2147483647
4538.848237 2147483647
4538.850811 2147483647
4538.853340 2147483647
4538.855584 2147483647
4538.858091 2147483647
4538.859325 2147483647
4538.863326 2147483647
4538.864321 2147483647
4538.868081 2147483647
4538.870559 2147483647
4538.873058 2147483647
4538.875746 2147483647
4538.876686 2147483647
4538.879299 2147483647
4538.881791 2147483647
4538.884249 2147483647
4538.886786 2147483647
4538.889037 2147483647
4538.894207 2147483647
4538.898982 2147483647
4538.903964 2147483647
4538.909195 2147483647
4538.914212 2147483647
4538.918913 2147483647
4538.923907 2147483647
4538.928874 2147483647
4538.934012 2147483647
4538.938960 2147483647
4538.943861 2147483647
4538.948944 2147483647
4538.953846 2147483647
4538.958928 2147483647
4538.963918 2147483647
4538.968823 2147483647
4538.973653 2147483647
4538.978806 2147483647
4538.983641 2147483647
4538.988633 2147483647
4538.993531 2147483647
4538.998614 2147483647
4539.003570 2147483647
4539.008605 2147483647
4539.013589 2147483647
4539.018255 2147483647
4539.023322 2147483647
4539.028279 2147483647
4539.033321 2147483647
4539.038317 2147483647
4539.043208 2147483647
4539.048305 2147483647
4539.053009 2147483647
4539.058067 2147483647
4539.063028 2147483647
4539.068021 2147483647
4539.072988 2147483647
4539.077941 2147483647
4539.082994 2147483647
4539.087986 2147483647
4539.092976 2147483647
4539.097696 2147483647
4539.102656 2147483647
4539.107701 2147483647
4539.112672 2147483647
4539.117925 2147483647
4539.122673 2147483647
4539.127659 2147483647
4539.132409 2147483647
4539.137383 2147483647
4539.142576 2147483647
4539.147574 2147483647
4539.152353 2147483647
4539.157296 2147483647
4539.162285 2147483647
4539.167340 2147483647
4539.172320 2147483647
4539.177223 2147483647
4539.182559 2147483647
4539.187303 2147483647
4539.191032 2147483647
4539.195795 2147483647
4539.200827 2147483647
4539.205782 2147483647
4539.211024 2147483647
4539.215923 2147483647
4539.220766 2147483647
4539.225717 2147483647
4539.230744 2147483647
4539.235739 2147483647
4539.240710 2147483647
4539.245726 2147483647
4539.250439 2147483647
4539.255463 2147483647
4539.260456 2147483647
4539.265409 2147483647
4539.270442 2147483647
4539.275419 2147483647
4539.280446 2147483647
4539.285208 2147483647
4539.290133 2147483647
4539.295414 2147483647
4539.300114 2147483647
4539.305148 2147483647
4539.307683 2147483647
4539.310387 2147483647
4539.312638 2147483647
4539.315115 2147483647
4539.317670 2147483647
4539.319781 2147483647
4539.322376 2147483647
4539.326361 2147483647
4539.331397 2147483647
4539.336349 2147483647
4539.341327 2147483647
4539.345976 2147483647
4539.351134 2147483647
4539.355828 2147483647
4539.361070 2147483647
4539.366310 2147483647
4539.370961 2147483647
4539.376048 2147483647
4539.380686 2147483647
4539.385694 2147483647
4539.390771 2147483647
4539.395700 2147483647
4539.400787 2147483647
4539.406033 2147483647
4539.410424 2147483647
4539.415613 2147483647
4539.420683 2147483647
4539.425713 2147483647
4539.430704 2147483647
4539.435638 2147483647
4539.440472 2147483647
4539.445366 2147483647
4539.450453 2147483647
4539.455449 2147483647
4539.460331 2147483647
4539.465407 2147483647
4539.470117 2147483647
4539.475416 2147483647
4539.480386 2147483647
4539.485115 2147483647
4539.490122 2147483647
4539.495325 2147483647
4539.500107 2147483647
4539.505096 2147483647
4539.507342 2147483647
4539.509751 2147483647
4539.512593 2147483647
4539.515108 2147483647
4539.517585 2147483647
4539.520040 2147483647
4539.522535 2147483647
4539.525092 2147483647
4539.527564 2147483647
4539.530071 2147483647
4539.532272 2147483647
4539.534824 2147483647
4539.537297 2147483647
4539.539798 2147483647
4539.542267 2147483647
4539.544789 2147483647
4539.547285 2147483647
4539.549780 2147483647
4539.552241 2147483647
4539.554731 2147483647
4539.557272 2147483647
4539.559759 2147483647
4539.562266 2147483647
4539.564468 2147483647
4539.567003 2147483647
4539.569496 2147483647
4539.574513 2147483647
4539.579487 2147483647
4539.584506 2147483647
4539.589472 2147483647
4539.594459 2147483647
4539.599165 2147483647
4539.604142 2147483647
4539.607970 2147483647
4539.612930 2147483647
4539.618188 2147483647
4539.623160 2147483647
4539.627657 2147483647
4539.632893 2147483647
4539.637909 2147483647
4539.642879 2147483647
4539.647869 2147483647
4539.652861 2147483647
4539.657789 2147483647
4539.662551 2147483647
4539.667605 2147483647
4539.672593 2147483647
4539.677585 2147483647
4539.682734 2147483647
4539.687821 2147483647
4539.692561 2147483647
4539.697520 2147483647
4539.702556 2147483647
4539.707509 2147483647
4539.711288 2147483647
4539.713783 2147483647
4539.716281 2147483647
4539.721186 2147483647
4539.726277 2147483647
4539.730971 2147483647
4539.735973 2147483647
4539.740994 2147483647
4539.745911 2147483647
4539.750978 2147483647
4539.755934 2147483647
4539.758692 2147483647
4539.760963 2147483647
4539.763205 2147483647
4539.765655 2147483647
4539.768436 2147483647
4539.770695 2147483647
4539.773191 2147483647
4539.775891 2147483647
4539.778144 2147483647
4539.780641 2147483647
4539.783174 2147483647
4539.785660 2147483647
4539.788166 2147483647
4539.790637 2147483647
4539.793160 2147483647
4539.795617 2147483647
4539.798150 2147483647
4539.800360 2147483647
4539.803096 2147483647
4539.805565 2147483647
4539.808093 2147483647
4539.810577 2147483647
4539.813130 2147483647
4539.815360 2147483647
4539.817908 2147483647
4539.820363 2147483647
4539.823014 2147483647
4539.825814 2147483647
4539.827796 2147483647
4539.830291 2147483647
4539.832786 2147483647
4539.835246 2147483647
4539.837776 2147483647
4539.840572 2147483647
4539.843071 2147483647
4539.845480 2147483647
4539.848067 2147483647
4539.850316 2147483647
4539.852806 2147483647
4539.855261 2147483647
4539.857696 2147483647
4539.859997 2147483647
4539.862785 2147483647
4539.864992 2147483647
4539.867685 2147483647
4539.870025 2147483647
4539.872768 2147483647
4539.874999 2147483647
4539.877721 2147483647
4539.880164 2147483647
4539.882756 2147483647
4539.885232 2147483647
4539.887694 2147483647
4539.889897 2147483647
4539.892706 2147483647
4539.894980 2147483647
4539.897481 2147483647
4539.899972 2147483647
4539.902395 2147483647
4539.904927 2147483647
4539.907352 2147483647
4539.909953 2147483647
4539.912418 2147483647
4539.914955 2147483647
4539.917392 2147483647
4539.919940 2147483647
4539.922397 2147483647
4539.924855 2147483647
4539.927197 2147483647
4539.929698 2147483647
4539.932205 2147483647
4539.934615 2147483647
4539.937183 2147483647
4539.939626 2147483647
4539.942175 2147483647
4539.944655 2147483647
4539.947067 2147483647
4539.949654 2147483647
4539.952170 2147483647
4539.954898 2147483647
4539.957105 2147483647
4539.959638 2147483647
4539.961884 2147483647
4539.964391 2147483647
4539.966880 2147483647
4539.969340 2147483647
4539.973122 2147483647
4539.978363 2147483647
4539.983107 2147483647
4539.988106 2147483647
4539.993061 2147483647
4539.997839 2147483647
4540.003052 2147483647
4540.007826 2147483647
4540.012819 2147483647
4540.018047 2147483647
4540.022798 2147483647
4540.027784 2147483647
4540.032534 2147483647
4540.037548 2147483647
4540.042657 2147483647
4540.047965 2147483647
4540.052763 2147483647
4540.058832 2147483647
4540.062809 2147483647
4540.067327 2147483647
4540.072324 2147483647
4540.077352 2147483647
4540.082382 2147483647
4540.087364 2147483647
4540.092142 2147483647
4540.097040 2147483647
4540.102120 2147483647
4540.107359 2147483647
4540.112104 2147483647
4540.117356 2147483647
4540.122028 2147483647
4540.127098 2147483647
4540.132107 2147483647
4540.137010 2147483647
4540.142094 2147483647
4540.147034 2147483647
4540.152325 2147483647
4540.157056 2147483647
4540.162010 2147483647
4540.167038 2147483647
4540.171743 2147483647
4540.175788 2147483647
4540.180479 2147483647
4540.185484 2147483647
4540.190462 2147483647
4540.195203 2147483647
4540.200446 2147483647
4540.205226 2147483647
4540.210180 2147483647
4540.215225 2147483647
4540.219914 2147483647
4540.224956 2147483647
4540.229934 2147483647
4540.233679 2147483647
4540.238672 2147483647
4540.243662 2147483647
4540.248910 2147483647
4540.253399 2147483647
4540.258649 2147483647
4540.264880 2147483647
4540.269835 2147483647
4540.273616 2147483647
4540.278567 2147483647
4540.283345 2147483647
4540.288301 2147483647
4540.293580 2147483647
4540.298588 2147483647
4540.303243 2147483647
4540.308572 2147483647
4540.313482 2147483647
4540.318314 2147483647
4540.323292 2147483647
4540.328215 2147483647
4540.333278 2147483647
4540.338199 2147483647
4540.343266 2147483647
4540.348010 2147483647
4540.353165 2147483647
4540.357997 2147483647
4540.363168 2147483647
4540.368258 2147483647
4540.373242 2147483647
4540.378193 2147483647
4540.383048 2147483647
4540.388001 2147483647
4540.393030 2147483647
4540.398023 2147483647
4540.402979 2147483647
4540.407767 2147483647
4540.413013 2147483647
4540.417755 2147483647
4540.422753 2147483647
4540.427465 2147483647
4540.432492 2147483647
4540.437745 2147483647
4540.442698 2147483647
4540.447475 2147483647
4540.452508 2147483647
4540.457410 2147483647
4540.462349 2147483647
4540.467383 2147483647
4540.471141 2147483647
4540.476167 2147483647
4540.480869 2147483647
4540.485892 2147483647
4540.490850 2147483647
4540.495900 2147483647
4540.500890 2147483647
4540.505883 2147483647
4540.510782 2147483647
4540.515664 2147483647
4540.520606 2147483647
4540.525575 2147483647
4540.530590 2147483647
4540.535508 2147483647
4540.540550 2147483647
4540.545548 2147483647
4540.550237 2147483647
4540.555283 2147483647
4540.560285 2147483647
4540.565274 2147483647
4540.570317 2147483647
4540.575239 2147483647
4540.580566 2147483647
4540.585292 2147483647
4540.590307 2147483647
4540.595294 2147483647
4540.600253 2147483647
4540.605283 2147483647
4540.610239 2147483647
4540.615218 2147483647
4540.619963 2147483647
4540.624990 2147483647
4540.628752 2147483647
4540.633747 2147483647
4540.638743 2147483647
4540.643741 2147483647
4540.648701 2147483647
4540.653488 2147483647
4540.658471 2147483647
4540.663482 2147483647
4540.668516 2147483647
4540.673422 2147483647
4540.678708 2147483647
4540.683695 2147483647
4540.688194 2147483647
4540.693430 2147483647
4540.698387 2147483647
4540.703414 2147483647
4540.708410 2147483647
4540.713399 2147483647
4540.718362 2147483647
4540.723042 2147483647
4540.728124 2147483647
4540.733025 2147483647
4540.738109 2147483647
4540.743116 2147483647
4540.748012 2147483647
4540.753087 2147483647
4540.757743 2147483647
4540.762821 2147483647
4540.767810 2147483647
4540.772719 2147483647
4540.777797 2147483647
4540.782761 2147483647
4540.787791 2147483647
4540.792815 2147483647
4540.797685 2147483647
4540.802548 2147483647
4540.807731 2147483647
4540.812506 2147483647
4540.817505 2147483647
4540.822459 2147483647
4540.827236 2147483647
4540.832218 2147483647
4540.837227 2147483647
4540.840919 2147483647
4540.844716 2147483647
4540.849714 2147483647
4540.854695 2147483647
4540.859458 2147483647
4540.864689 2147483647
4540.869669 2147483647
4540.874419 2147483647
4540.879621 2147483647
4540.884610 2147483647
4540.889416 2147483647
4540.894418 2147483647
4540.899348 2147483647
4540.904110 2147483647
4540.909350 2147483647
4540.914343 2147483647
4540.919302 2147483647
4540.924370 2147483647
4540.929008 2147483647
4540.933864 2147483647
4540.939101 2147483647
4540.944097 2147483647
4540.949121 2147483647
4540.954083 2147483647
4540.959099 2147483647
4540.963822 2147483647
4540.968760 2147483647
4540.973810 2147483647
4540.978905 2147483647
4540.983892 2147483647
4540.988842 2147483647
4540.993697 2147483647
4540.998649 2147483647
4541.003680 2147483647
4541.008647 2147483647
4541.013616 2147483647
4541.018802 2147483647
4541.023705 2147483647
4541.028465 2147483647
4541.033428 2147483647
4541.038391 2147483647
4541.043410 2147483647
4541.048415 2147483647
4541.053389 2147483647
4541.058161 2147483647
4541.063153 2147483647
4541.068176 2147483647
4541.073168 2147483647
4541.078185 2147483647
4541.083163 2147483647
4541.088167 2147483647
4541.091729 2147483647
4541.096697 2147483647
4541.101691 2147483647
4541.106695 2147483647
4541.111682 2147483647
4541.116639 2147483647
4541.121694 2147483647
4541.127659 2147483647
4541.131487 2147483647
4541.136506 2147483647
4541.141569 2147483647
4541.146460 2147483647
4541.151497 2147483647
4541.156504 2147483647
4541.161232 2147483647
4541.166197 2147483647
4541.169947 2147483647
4541.174925 2147483647
4541.180004 2147483647
4541.185014 2147483647
4541.189957 2147483647
4541.193643 2147483647
4541.195978 2147483647
4541.198571 2147483647
4541.200941 2147483647
4541.203428 2147483647
4541.206016 2147483647
4541.208600 2147483647
4541.210977 2147483647
4541.213435 2147483647
4541.216124 2147483647
4541.218571 2147483647
4541.220906 2147483647
4541.223550 2147483647
4541.225906 2147483647
4541.228347 2147483647
4541.230871 2147483647
4541.233245 2147483647
4541.235851 2147483647
4541.238309 2147483647
4541.240942 2147483647
4541.243301 2147483647
4541.245924 2147483647
4541.248273 2147483647
4541.250854 2147483647
4541.253297 2147483647
4541.255792 2147483647
4541.258048 2147483647
4541.260521 2147483647
4541.263177 2147483647
4541.265509 2147483647
4541.268053 2147483647
4541.270595 2147483647
4541.273056 2147483647
4541.275688 2147483647
4541.278139 2147483647
4541.280638 2147483647
4541.283108 2147483647
4541.285646 2147483647
4541.288154 2147483647
4541.290327 2147483647
4541.292893 2147483647
4541.295296 2147483647
4541.297834 2147483647
4541.300334 2147483647
4541.302945 2147483647
4541.306477 2147483647
4541.311684 2147483647
4541.316600 2147483647
4541.321395 2147483647
4541.326427 2147483647
4541.331429 2147483647
4541.336460 2147483647
4541.341412 2147483647
4541.346449 2147483647
4541.351472 2147483647
4541.356268 2147483647
4541.361229 2147483647
4541.364960 2147483647
4541.369978 2147483647
4541.374957 2147483647
4541.379998 2147483647
4541.385000 2147483647
4541.389721 2147483647
4541.396021 2147483647
4541.400941 2147483647
4541.404851 2147483647
4541.411034 2147483647
4541.414801 2147483647
4541.419734 2147483647
4541.424794 2147483647
4541.429528 2147483647
4541.434599 2147483647
4541.439513 2147483647
4541.444550 2147483647
4541.449513 2147483647
4541.454535 2147483647
4541.459436 2147483647
4541.464398 2147483647
4541.469334 2147483647
4541.474333 2147483647
4541.479321 2147483647
4541.484347 2147483647
4541.489442 2147483647
4541.494222 2147483647
4541.498946 2147483647
4541.504001 2147483647
4541.508866 2147483647
4541.513941 2147483647
4541.518859 2147483647
4541.523896 2147483647
4541.528587 2147483647
4541.533880 2147483647
4541.538551 2147483647
4541.543868 2147483647
4541.548936 2147483647
4541.553847 2147483647
4541.558940 2147483647
4541.563645 2147483647
4541.568676 2147483647
4541.573667 2147483647
4541.578587 2147483647
4541.583652 2147483647
4541.588601 2147483647
4541.593667 2147483647
4541.598369 2147483647
4541.603350 2147483647
4541.608358 2147483647
4541.613349 2147483647
4541.618341 2147483647
4541.620975 2147483647
4541.626101 2147483647
4541.631030 2147483647
4541.636338 2147483647
4541.640799 2147483647
4541.645813 2147483647
4541.650690 2147483647
4541.655937 2147483647
4541.660921 2147483647
4541.665759 2147483647
4541.670712 2147483647
4541.675645 2147483647
4541.680695 2147483647
4541.685628 2147483647
4541.690680 2147483647
4541.695711 2147483647
4541.700604 2147483647
4541.705698 2147483647
4541.710423 2147483647
4541.715432 2147483647
4541.720419 2147483647
4541.725310 2147483647
4541.730404 2147483647
4541.735359 2147483647
4541.740385 2147483647
4541.745125 2147483647
4541.750331 2147483647
4541.755358 2147483647
4541.760349 2147483647
4541.765094 2147483647
4541.770105 2147483647
4541.775282 2147483647
4541.780071 2147483647
4541.785055 2147483647
4541.790071 2147483647
4541.794800 2147483647
4541.800023 2147483647
4541.804774 2147483647
4541.809932 2147483647
4541.814711 2147483647
4541.819640 2147483647
4541.824727 2147483647
4541.829758 2147483647
4541.834621 2147483647
4541.839702 2147483647
4541.844695 2147483647
4541.849440 2147483647
4541.854434 2147483647
4541.859597 2147483647
4541.864421 2147483647
4541.869436 2147483647
4541.874567 2147483647
4541.879398 2147483647
4541.882806 2147483647
4541.889387 2147483647
4541.894379 2147483647
4541.899279 2147483647
4541.904383 2147483647
4541.909335 2147483647
4541.914111 2147483647
4541.918835 2147483647
4541.922794 2147483647
4541.927826 2147483647
4541.932774 2147483647
4541.937811 2147483647
4541.942824 2147483647
4541.947528 2147483647
4541.952560 2147483647
4541.957512 2147483647
4541.962543 2147483647
4541.967534 2147483647
4541.973738 2147483647
4541.977511 2147483647
4541.982215 2147483647
4541.987245 2147483647
4541.992237 2147483647
4541.994732 2147483647
4541.997191 2147483647
4541.999725 2147483647
4542.002221 2147483647
4542.004715 2147483647
4542.007177 2147483647
4542.009738 2147483647
4542.012148 2147483647
4542.014645 2147483647
4542.016952 2147483647
4542.019664 2147483647
4542.021943 2147483647
4542.024439 2147483647
4542.026963 2147483647
4542.029396 2147483647
4542.031935 2147483647
4542.034672 2147483647
4542.037176 2147483647
4542.039663 2147483647
4542.042158 2147483647
4542.044657 2147483647
4542.047149 2147483647
4542.049152 2147483647
4542.051905 2147483647
4542.054335 2147483647
4542.056895 2147483647
4542.059399 2147483647
4542.061844 2147483647
4542.064378 2147483647
4542.066892 2147483647
4542.069404 2147483647
4542.071830 2147483647
4542.074270 2147483647
4542.076882 2147483647
4542.079357 2147483647
4542.082105 2147483647
4542.084097 2147483647
4542.086524 2147483647
4542.089090 2147483647
4542.091589 2147483647
4542.094092 2147483647
4542.096487 2147483647
4542.099035 2147483647
4542.101578 2147483647
4542.104064 2147483647
4542.106782 2147483647
4542.108958 2147483647
4542.111546 2147483647
4542.114041 2147483647
4542.116289 2147483647
4542.118695 2147483647
4542.121242 2147483647
4542.124025 2147483647
4542.126549 2147483647
4542.129022 2147483647
4542.131171 2147483647
4542.134012 2147483647
4542.136292 2147483647
4542.139007 2147483647
4542.141409 2147483647
4542.143986 2147483647
4542.146494 2147483647
4542.148992 2147483647
4542.151237 2147483647
4542.153723 2147483647
4542.156228 2147483647
4542.158725 2147483647
4542.161225 2147483647
4542.163683 2147483647
4542.166183 2147483647
4542.168714 2147483647
4542.171220 2147483647
4542.173705 2147483647
4542.176193 2147483647
4542.178697 2147483647
4542.181195 2147483647
4542.183700 2147483647
4542.185900 2147483647
4542.188390 2147483647
4542.190930 2147483647
4542.193448 2147483647
4542.195918 2147483647
4542.198364 2147483647
4542.200922 2147483647
4542.203446 2147483647
4542.205917 2147483647
4542.208332 2147483647
4542.210877 2147483647
4542.213417 2147483647
4542.215916 2147483647
4542.218056 2147483647
4542.220634 2147483647
4542.223150 2147483647
4542.225639 2147483647
4542.228038 2147483647
4542.230875 2147483647
4542.233092 2147483647
4542.235622 2147483647
4542.238112 2147483647
4542.240632 2147483647
4542.243381 2147483647
4542.245850 2147483647
4542.248343 2147483647
4542.250842 2147483647
4542.253108 2147483647
4542.255549 2147483647
4542.257800 2147483647
4542.260597 2147483647
4542.263074 2147483647
4542.265566 2147483647
4542.267968 2147483647
4542.270581 2147483647
4542.273057 2147483647
4542.275477 2147483647
4542.278011 2147483647
4542.280536 2147483647
4542.283144 2147483647
4542.285495 2147483647
4542.287807 2147483647
4542.290203 2147483647
4542.292758 2147483647
4542.295135 2147483647
4542.297637 2147483647
4542.300132 2147483647
4542.302694 2147483647
4542.305146 2147483647
4542.307802 2147483647
4542.310202 2147483647
4542.312794 2147483647
4542.315170 2147483647
4542.317686 2147483647
4542.320171 2147483647
4542.322414 2147483647
4542.324931 2147483647
4542.327439 2147483647
4542.329902 2147483647
4542.332541 2147483647
4542.334982 2147483647
4542.337471 2147483647
4542.339948 2147483647
4542.342482 2147483647
4542.344885 2147483647
4542.347504 2147483647
4542.349955 2147483647
4542.352516 2147483647
4542.354720 2147483647
4542.357194 2147483647
4542.359712 2147483647
4542.362195 2147483647
4542.364704 2147483647
4542.367192 2147483647
4542.369753 2147483647
4542.372362 2147483647
4542.374771 2147483647
4542.377224 2147483647
4542.379722 2147483647
4542.382198 2147483647
4542.384710 2147483647
4542.387228 2147483647
4542.389439 2147483647
4542.391955 2147483647
4542.394499 2147483647
4542.396970 2147483647
4542.399518 2147483647
4542.401935 2147483647
4542.404494 2147483647
4542.406934 2147483647
4542.409519 2147483647
4542.411976 2147483647
4542.414554 2147483647
4542.417097 2147483647
4542.419642 2147483647
4542.421987 2147483647
4542.424189 2147483647
4542.426792 2147483647
4542.429363 2147483647
4542.431809 2147483647
4542.434279 2147483647
4542.436765 2147483647
4542.439340 2147483647
4542.441784 2147483647
4542.444414 2147483647
4542.446789 2147483647
4542.449289 2147483647
4542.451715 2147483647
4542.454364 2147483647
4542.456504 2147483647
4542.459042 2147483647
4542.461518 2147483647
4542.464066 2147483647
4542.466556 2147483647
4542.469102 2147483647
4542.471580 2147483647
4542.474110 2147483647
4542.476547 2147483647
4542.479023 2147483647
4542.481565 2147483647
4542.484031 2147483647
4542.486564 2147483647
4542.489034 2147483647
4542.491344 2147483647
4542.493875 2147483647
4542.496327 2147483647
4542.498796 2147483647
4542.501353 2147483647
4542.503826 2147483647
4542.506347 2147483647
4542.508806 2147483647
4542.511306 2147483647
4542.513811 2147483647
4542.516422 2147483647
4542.518822 2147483647
4542.521367 2147483647
4542.524318 2147483647
4542.527017 2147483647
4542.528527 2147483647
4542.531803 2147483647
4542.533498 2147483647
4542.536043 2147483647
4542.538551 2147483647
4542.541047 2147483647
4542.543486 2147483647
4542.546086 2147483647
4542.548544 2147483647
4542.551076 2147483647
4542.553589 2147483647
4542.555779 2147483647
4542.558245 2147483647
4542.560770 2147483647
4542.563482 2147483647
4542.565772 2147483647
4542.568243 2147483647
4542.570835 2147483647
4542.573335 2147483647
4542.575812 2147483647
4542.578308 2147483647
4542.580803 2147483647
4542.583275 2147483647
4542.585795 2147483647
4542.588291 2147483647
4542.590535 2147483647
4542.593305 2147483647
4542.595534 2147483647
4542.598028 2147483647
4542.600543 2147483647
4542.603052 2147483647
4542.605515 2147483647
4542.608011 2147483647
4542.610526 2147483647
4542.613199 2147483647
4542.615501 2147483647
4542.618039 2147483647
4542.620551 2147483647
4542.622774 2147483647
4542.625464 2147483647
4542.627955 2147483647
4542.630448 2147483647
4542.632953 2147483647
4542.635440 2147483647
4542.637754 2147483647
4542.640435 2147483647
4542.642933 2147483647
4542.645489 2147483647
4542.647987 2147483647
4542.650730 2147483647
4542.652936 2147483647
4542.655474 2147483647
4542.657675 2147483647
4542.660490 2147483647
4542.662647 2147483647
4542.665149 2147483647
4542.667711 2147483647
4542.670233 2147483647
4542.672659 2147483647
4542.675442 2147483647
4542.677705 2147483647
4542.680187 2147483647
4542.682640 2147483647
4542.685175 2147483647
4542.687672 2147483647
4542.689925 2147483647
4542.692378 2147483647
4542.694919 2147483647
4542.697409 2147483647
4542.699914 2147483647
4542.702369 2147483647
4542.704902 2147483647
4542.707399 2147483647
4542.709919 2147483647
4542.712608 2147483647
4542.714851 2147483647
4542.717638 2147483647
4542.719907 2147483647
4542.722345 2147483647
4542.724869 2147483647
4542.727176 2147483647
4542.729634 2147483647
4542.732384 2147483647
4542.734784 2147483647
4542.737405 2147483647
4542.739872 2147483647
4542.742346 2147483647
4542.744807 2147483647
4542.747347 2147483647
4542.749843 2147483647
4542.754806 2147483647
4542.759586 2147483647
4542.764541 2147483647
4542.769861 2147483647
4542.774526 2147483647
4542.779559 2147483647
4542.784510 2147483647
4542.789536 2147483647
4542.794277 2147483647
4542.798018 2147483647
4542.803014 2147483647
4542.808006 2147483647
4542.812996 2147483647
4542.817988 2147483647
4542.822730 2147483647
4542.827744 2147483647
4542.832715 2147483647
4542.839154 2147483647
4542.843973 2147483647
